# Momentum distribution
# [Column] Data
# [1] Distance along k-path
# [2] Re(MomDist_{spin=up, 0, 0})
# [3] Im(MomDist_{spin=up, 0, 0})
# [4] Re(MomDist_{spin=down, 0, 0})
# [5] Im(MomDist_{spin=down, 0, 0})
0.000000 0.967664 -0.000000 0.967664 -0.000000 
0.005000 0.967656 -0.000000 0.967656 -0.000000 
0.010000 0.967630 -0.000000 0.967630 -0.000000 
0.015000 0.967586 -0.000000 0.967586 -0.000000 
0.020000 0.967525 -0.000000 0.967525 -0.000000 
0.025000 0.967447 -0.000000 0.967447 -0.000000 
0.030000 0.967351 -0.000000 0.967351 -0.000000 
0.035000 0.967237 -0.000000 0.967237 -0.000000 
0.040000 0.967105 -0.000000 0.967105 -0.000000 
0.045000 0.966954 -0.000000 0.966954 -0.000000 
0.050000 0.966786 -0.000000 0.966786 -0.000000 
0.055000 0.966598 -0.000000 0.966598 -0.000000 
0.060000 0.966392 -0.000000 0.966392 -0.000000 
0.065000 0.966166 -0.000000 0.966166 -0.000000 
0.070000 0.965921 -0.000000 0.965921 -0.000000 
0.075000 0.965655 -0.000000 0.965655 -0.000000 
0.080000 0.965369 -0.000000 0.965369 -0.000000 
0.085000 0.965062 -0.000000 0.965062 -0.000000 
0.090000 0.964734 -0.000000 0.964734 -0.000000 
0.095000 0.964383 -0.000000 0.964383 -0.000000 
0.100000 0.964010 -0.000000 0.964010 -0.000000 
0.105000 0.963614 -0.000000 0.963614 -0.000000 
0.110000 0.963193 -0.000000 0.963193 -0.000000 
0.115000 0.962749 -0.000000 0.962749 -0.000000 
0.120000 0.962279 -0.000000 0.962279 -0.000000 
0.125000 0.961783 -0.000000 0.961783 -0.000000 
0.130000 0.961260 -0.000000 0.961260 -0.000000 
0.135000 0.960709 -0.000000 0.960709 -0.000000 
0.140000 0.960129 -0.000000 0.960129 -0.000000 
0.145000 0.959520 -0.000000 0.959520 -0.000000 
0.150000 0.958880 -0.000000 0.958880 -0.000000 
0.155000 0.958207 -0.000000 0.958207 -0.000000 
0.160000 0.957502 -0.000000 0.957502 -0.000000 
0.165000 0.956762 -0.000000 0.956762 -0.000000 
0.170000 0.955987 -0.000000 0.955987 -0.000000 
0.175000 0.955174 -0.000000 0.955174 -0.000000 
0.180000 0.954322 -0.000000 0.954322 -0.000000 
0.185000 0.953430 -0.000000 0.953430 -0.000000 
0.190000 0.952496 -0.000000 0.952496 -0.000000 
0.195000 0.951518 -0.000000 0.951518 -0.000000 
0.200000 0.950495 -0.000000 0.950495 -0.000000 
0.205000 0.949424 -0.000000 0.949424 -0.000000 
0.210000 0.948303 -0.000000 0.948303 -0.000000 
0.215000 0.947130 -0.000000 0.947130 -0.000000 
0.220000 0.945902 -0.000000 0.945902 -0.000000 
0.225000 0.944618 -0.000000 0.944618 -0.000000 
0.230000 0.943274 -0.000000 0.943274 -0.000000 
0.235000 0.941867 -0.000000 0.941867 -0.000000 
0.240000 0.940396 -0.000000 0.940396 -0.000000 
0.245000 0.938856 -0.000000 0.938856 -0.000000 
0.250000 0.937244 -0.000000 0.937244 -0.000000 
0.255000 0.935557 -0.000000 0.935557 -0.000000 
0.260000 0.933790 -0.000000 0.933790 -0.000000 
0.265000 0.931940 -0.000000 0.931940 -0.000000 
0.270000 0.930002 -0.000000 0.930002 -0.000000 
0.275000 0.927970 -0.000000 0.927970 -0.000000 
0.280000 0.925840 -0.000000 0.925840 -0.000000 
0.285000 0.923605 -0.000000 0.923605 -0.000000 
0.290000 0.921257 -0.000000 0.921257 -0.000000 
0.295000 0.918790 -0.000000 0.918790 -0.000000 
0.300000 0.916193 -0.000000 0.916193 -0.000000 
0.305000 0.913455 -0.000000 0.913455 -0.000000 
0.310000 0.910564 -0.000000 0.910564 -0.000000 
0.315000 0.907503 -0.000000 0.907503 -0.000000 
0.320000 0.904255 -0.000000 0.904255 -0.000000 
0.325000 0.900796 -0.000000 0.900796 -0.000000 
0.330000 0.897098 -0.000000 0.897098 -0.000000 
0.335000 0.893128 -0.000000 0.893128 -0.000000 
0.340000 0.888844 -0.000000 0.888844 -0.000000 
0.345000 0.884196 -0.000000 0.884196 -0.000000 
0.350000 0.879123 -0.000000 0.879123 -0.000000 
0.355000 0.873551 -0.000000 0.873551 -0.000000 
0.360000 0.867397 -0.000000 0.867397 -0.000000 
0.365000 0.860563 -0.000000 0.860563 -0.000000 
0.370000 0.852938 -0.000000 0.852938 -0.000000 
0.375000 0.844405 -0.000000 0.844405 -0.000000 
0.380000 0.834841 -0.000000 0.834841 -0.000000 
0.385000 0.824128 -0.000000 0.824128 -0.000000 
0.390000 0.812162 -0.000000 0.812162 -0.000000 
0.395000 0.798862 -0.000000 0.798862 -0.000000 
0.400000 0.784190 -0.000000 0.784190 -0.000000 
0.405000 0.768159 -0.000000 0.768159 -0.000000 
0.410000 0.750843 -0.000000 0.750843 -0.000000 
0.415000 0.732387 -0.000000 0.732387 -0.000000 
0.420000 0.713000 -0.000000 0.713000 -0.000000 
0.425000 0.692952 -0.000000 0.692952 -0.000000 
0.430000 0.672559 -0.000000 0.672559 -0.000000 
0.435000 0.652161 -0.000000 0.652161 -0.000000 
0.440000 0.632103 -0.000000 0.632103 -0.000000 
0.445000 0.612716 -0.000000 0.612716 -0.000000 
0.450000 0.594300 -0.000000 0.594300 -0.000000 
0.455000 0.577116 -0.000000 0.577116 -0.000000 
0.460000 0.561375 -0.000000 0.561375 -0.000000 
0.465000 0.547244 -0.000000 0.547244 -0.000000 
0.470000 0.534847 -0.000000 0.534847 -0.000000 
0.475000 0.524269 -0.000000 0.524269 -0.000000 
0.480000 0.515568 -0.000000 0.515568 -0.000000 
0.485000 0.508779 -0.000000 0.508779 -0.000000 
0.490000 0.503920 -0.000000 0.503920 -0.000000 
0.495000 0.501003 -0.000000 0.501003 -0.000000 
0.500000 0.500030 -0.000000 0.500030 -0.000000 
0.505000 0.499057 -0.000000 0.499057 -0.000000 
0.510000 0.496139 -0.000000 0.496139 -0.000000 
0.515000 0.491280 -0.000000 0.491280 -0.000000 
0.520000 0.484491 -0.000000 0.484491 -0.000000 
0.525000 0.475789 -0.000000 0.475789 -0.000000 
0.530000 0.465211 -0.000000 0.465211 -0.000000 
0.535000 0.452813 -0.000000 0.452813 -0.000000 
0.540000 0.438681 -0.000000 0.438681 -0.000000 
0.545000 0.422938 -0.000000 0.422938 -0.000000 
0.550000 0.405750 -0.000000 0.405750 -0.000000 
0.555000 0.387331 -0.000000 0.387331 -0.000000 
0.560000 0.367940 -0.000000 0.367940 -0.000000 
0.565000 0.347876 -0.000000 0.347876 -0.000000 
0.570000 0.327472 -0.000000 0.327472 -0.000000 
0.575000 0.307073 -0.000000 0.307073 -0.000000 
0.580000 0.287019 -0.000000 0.287019 -0.000000 
0.585000 0.267625 -0.000000 0.267625 -0.000000 
0.590000 0.249163 -0.000000 0.249163 -0.000000 
0.595000 0.231841 -0.000000 0.231841 -0.000000 
0.600000 0.215806 -0.000000 0.215806 -0.000000 
0.605000 0.201131 -0.000000 0.201131 -0.000000 
0.610000 0.187829 -0.000000 0.187829 -0.000000 
0.615000 0.175862 -0.000000 0.175862 -0.000000 
0.620000 0.165150 -0.000000 0.165150 -0.000000 
0.625000 0.155587 -0.000000 0.155587 -0.000000 
0.630000 0.147056 -0.000000 0.147056 -0.000000 
0.635000 0.139434 -0.000000 0.139434 -0.000000 
0.640000 0.132602 -0.000000 0.132602 -0.000000 
0.645000 0.126450 -0.000000 0.126450 -0.000000 
0.650000 0.120880 -0.000000 0.120880 -0.000000 
0.655000 0.115808 -0.000000 0.115808 -0.000000 
0.660000 0.111160 -0.000000 0.111160 -0.000000 
0.665000 0.106875 -0.000000 0.106875 -0.000000 
0.670000 0.102905 -0.000000 0.102905 -0.000000 
0.675000 0.099206 -0.000000 0.099206 -0.000000 
0.680000 0.095746 -0.000000 0.095746 -0.000000 
0.685000 0.092496 -0.000000 0.092496 -0.000000 
0.690000 0.089435 -0.000000 0.089435 -0.000000 
0.695000 0.086543 -0.000000 0.086543 -0.000000 
0.700000 0.083805 -0.000000 0.083805 -0.000000 
0.705000 0.081208 -0.000000 0.081208 -0.000000 
0.710000 0.078742 -0.000000 0.078742 -0.000000 
0.715000 0.076396 -0.000000 0.076396 -0.000000 
0.720000 0.074163 -0.000000 0.074163 -0.000000 
0.725000 0.072036 -0.000000 0.072036 -0.000000 
0.730000 0.070007 -0.000000 0.070007 -0.000000 
0.735000 0.068072 -0.000000 0.068072 -0.000000 
0.740000 0.066225 -0.000000 0.066225 -0.000000 
0.745000 0.064461 -0.000000 0.064461 -0.000000 
0.750000 0.062777 -0.000000 0.062777 -0.000000 
0.755000 0.061168 -0.000000 0.061168 -0.000000 
0.760000 0.059630 -0.000000 0.059630 -0.000000 
0.765000 0.058160 -0.000000 0.058160 -0.000000 
0.770000 0.056755 -0.000000 0.056755 -0.000000 
0.775000 0.055412 -0.000000 0.055412 -0.000000 
0.780000 0.054128 -0.000000 0.054128 -0.000000 
0.785000 0.052900 -0.000000 0.052900 -0.000000 
0.790000 0.051727 -0.000000 0.051727 -0.000000 
0.795000 0.050605 -0.000000 0.050605 -0.000000 
0.800000 0.049533 -0.000000 0.049533 -0.000000 
0.805000 0.048508 -0.000000 0.048508 -0.000000 
0.810000 0.047529 -0.000000 0.047529 -0.000000 
0.815000 0.046593 -0.000000 0.046593 -0.000000 
0.820000 0.045699 -0.000000 0.045699 -0.000000 
0.825000 0.044846 -0.000000 0.044846 -0.000000 
0.830000 0.044031 -0.000000 0.044031 -0.000000 
0.835000 0.043254 -0.000000 0.043254 -0.000000 
0.840000 0.042513 -0.000000 0.042513 -0.000000 
0.845000 0.041806 -0.000000 0.041806 -0.000000 
0.850000 0.041132 -0.000000 0.041132 -0.000000 
0.855000 0.040491 -0.000000 0.040491 -0.000000 
0.860000 0.039880 -0.000000 0.039880 -0.000000 
0.865000 0.039300 -0.000000 0.039300 -0.000000 
0.870000 0.038748 -0.000000 0.038748 -0.000000 
0.875000 0.038224 -0.000000 0.038224 -0.000000 
0.880000 0.037728 -0.000000 0.037728 -0.000000 
0.885000 0.037257 -0.000000 0.037257 -0.000000 
0.890000 0.036812 -0.000000 0.036812 -0.000000 
0.895000 0.036391 -0.000000 0.036391 -0.000000 
0.900000 0.035995 -0.000000 0.035995 -0.000000 
0.905000 0.035621 -0.000000 0.035621 -0.000000 
0.910000 0.035271 -0.000000 0.035271 -0.000000 
0.915000 0.034942 -0.000000 0.034942 -0.000000 
0.920000 0.034635 -0.000000 0.034635 -0.000000 
0.925000 0.034349 -0.000000 0.034349 -0.000000 
0.930000 0.034083 -0.000000 0.034083 -0.000000 
0.935000 0.033838 0.000000 0.033838 -0.000000 
0.940000 0.033612 -0.000000 0.033612 -0.000000 
0.945000 0.033405 -0.000000 0.033405 -0.000000 
0.950000 0.033218 0.000000 0.033218 -0.000000 
0.955000 0.033049 -0.000000 0.033049 -0.000000 
0.960000 0.032899 -0.000000 0.032899 -0.000000 
0.965000 0.032767 -0.000000 0.032767 -0.000000 
0.970000 0.032653 -0.000000 0.032653 -0.000000 
0.975000 0.032557 -0.000000 0.032557 -0.000000 
0.980000 0.032479 -0.000000 0.032479 -0.000000 
0.985000 0.032418 -0.000000 0.032418 -0.000000 
0.990000 0.032375 -0.000000 0.032375 -0.000000 
0.995000 0.032349 -0.000000 0.032349 -0.000000 
1.000000 0.032340 -0.000000 0.032340 -0.000000 
1.007071 0.032357 -0.000000 0.032357 -0.000000 
1.014142 0.032409 -0.000000 0.032409 -0.000000 
1.021213 0.032496 -0.000000 0.032496 -0.000000 
1.028284 0.032619 -0.000000 0.032619 -0.000000 
1.035355 0.032777 -0.000000 0.032777 -0.000000 
1.042426 0.032972 -0.000000 0.032972 -0.000000 
1.049497 0.033204 -0.000000 0.033204 -0.000000 
1.056569 0.033474 -0.000000 0.033474 -0.000000 
1.063640 0.033784 -0.000000 0.033784 -0.000000 
1.070711 0.034135 -0.000000 0.034135 -0.000000 
1.077782 0.034528 -0.000000 0.034528 -0.000000 
1.084853 0.034966 -0.000000 0.034966 -0.000000 
1.091924 0.035449 -0.000000 0.035449 -0.000000 
1.098995 0.035981 -0.000000 0.035981 -0.000000 
1.106066 0.036565 -0.000000 0.036565 -0.000000 
1.113137 0.037202 -0.000000 0.037202 -0.000000 
1.120208 0.037896 -0.000000 0.037896 -0.000000 
1.127279 0.038652 -0.000000 0.038652 -0.000000 
1.134350 0.039472 -0.000000 0.039472 -0.000000 
1.141421 0.040362 -0.000000 0.040362 -0.000000 
1.148492 0.041326 -0.000000 0.041326 -0.000000 
1.155563 0.042371 -0.000000 0.042371 -0.000000 
1.162635 0.043503 -0.000000 0.043503 -0.000000 
1.169706 0.044729 -0.000000 0.044729 -0.000000 
1.176777 0.046057 -0.000000 0.046057 -0.000000 
1.183848 0.047497 -0.000000 0.047497 -0.000000 
1.190919 0.049059 -0.000000 0.049059 -0.000000 
1.197990 0.050756 -0.000000 0.050756 -0.000000 
1.205061 0.052601 -0.000000 0.052601 -0.000000 
1.212132 0.054612 -0.000000 0.054612 -0.000000 
1.219203 0.056807 -0.000000 0.056807 -0.000000 
1.226274 0.059208 -0.000000 0.059208 -0.000000 
1.233345 0.061842 -0.000000 0.061842 -0.000000 
1.240416 0.064741 -0.000000 0.064741 -0.000000 
1.247487 0.067946 -0.000000 0.067946 -0.000000 
1.254558 0.071504 -0.000000 0.071504 -0.000000 
1.261630 0.075478 -0.000000 0.075478 -0.000000 
1.268701 0.079949 -0.000000 0.079949 -0.000000 
1.275772 0.085027 -0.000000 0.085027 -0.000000 
1.282843 0.090868 -0.000000 0.090868 -0.000000 
1.289914 0.097704 -0.000000 0.097704 -0.000000 
1.296985 0.105908 -0.000000 0.105908 -0.000000 
1.304056 0.116113 -0.000000 0.116113 -0.000000 
1.311127 0.129446 -0.000000 0.129446 -0.000000 
1.318198 0.147973 -0.000000 0.147973 -0.000000 
1.325269 0.175439 -0.000000 0.175439 -0.000000 
1.332340 0.218130 -0.000000 0.218130 -0.000000 
1.339411 0.284566 -0.000000 0.284566 -0.000000 
1.346482 0.380779 -0.000000 0.380779 -0.000000 
1.353553 0.500030 -0.000000 0.500030 -0.000000 
1.360624 0.619266 -0.000000 0.619266 -0.000000 
1.367696 0.715451 -0.000000 0.715451 -0.000000 
1.374767 0.781867 -0.000000 0.781867 -0.000000 
1.381838 0.824551 -0.000000 0.824551 -0.000000 
1.388909 0.852021 -0.000000 0.852021 -0.000000 
1.395980 0.870554 -0.000000 0.870554 -0.000000 
1.403051 0.883891 -0.000000 0.883891 -0.000000 
1.410122 0.894096 -0.000000 0.894096 -0.000000 
1.417193 0.902298 -0.000000 0.902298 -0.000000 
1.424264 0.909131 -0.000000 0.909131 -0.000000 
1.431335 0.914970 -0.000000 0.914970 -0.000000 
1.438406 0.920049 -0.000000 0.920049 -0.000000 
1.445477 0.924523 -0.000000 0.924523 -0.000000 
1.452548 0.928502 -0.000000 0.928502 -0.000000 
1.459619 0.932066 -0.000000 0.932066 -0.000000 
1.466690 0.935276 -0.000000 0.935276 -0.000000 
1.473762 0.938181 -0.000000 0.938181 -0.000000 
1.480833 0.940819 -0.000000 0.940819 -0.000000 
1.487904 0.943222 -0.000000 0.943222 -0.000000 
1.494975 0.945418 -0.000000 0.945418 -0.000000 
1.502046 0.947428 -0.000000 0.947428 -0.000000 
1.509117 0.949273 -0.000000 0.949273 -0.000000 
1.516188 0.950968 -0.000000 0.950968 -0.000000 
1.523259 0.952528 -0.000000 0.952528 -0.000000 
1.530330 0.953965 -0.000000 0.953965 -0.000000 
1.537401 0.955291 -0.000000 0.955291 -0.000000 
1.544472 0.956514 -0.000000 0.956514 -0.000000 
1.551543 0.957643 -0.000000 0.957643 -0.000000 
1.558614 0.958686 -0.000000 0.958686 -0.000000 
1.565685 0.959649 -0.000000 0.959649 -0.000000 
1.572756 0.960537 -0.000000 0.960537 -0.000000 
1.579828 0.961356 -0.000000 0.961356 -0.000000 
1.586899 0.962110 -0.000000 0.962110 -0.000000 
1.593970 0.962804 -0.000000 0.962804 -0.000000 
1.601041 0.963440 -0.000000 0.963440 -0.000000 
1.608112 0.964023 -0.000000 0.964023 -0.000000 
1.615183 0.964555 -0.000000 0.964555 -0.000000 
1.622254 0.965039 -0.000000 0.965039 -0.000000 
1.629325 0.965476 -0.000000 0.965476 -0.000000 
1.636396 0.965869 -0.000000 0.965869 -0.000000 
1.643467 0.966220 -0.000000 0.966220 -0.000000 
1.650538 0.966530 -0.000000 0.966530 -0.000000 
1.657609 0.966800 -0.000000 0.966800 -0.000000 
1.664680 0.967032 -0.000000 0.967032 -0.000000 
1.671751 0.967227 -0.000000 0.967227 -0.000000 
1.678823 0.967385 -0.000000 0.967385 -0.000000 
1.685894 0.967508 -0.000000 0.967508 -0.000000 
1.692965 0.967595 -0.000000 0.967595 -0.000000 
1.700036 0.967647 -0.000000 0.967647 -0.000000 
1.707107 0.967664 -0.000000 0.967664 -0.000000 
