# [1] Energy
# [2] Total DOS of spin up
# [3] Total DOS of spin down
# [4] PDOS of shell0,spin up,band0
# [5] PDOS of shell0,spin down,band0
-6.000000 0.023032 0.023939 0.023032 0.023939
-5.970000 0.023633 0.024588 0.023633 0.024588
-5.940000 0.024249 0.025250 0.024249 0.025250
-5.910000 0.024879 0.025924 0.024879 0.025924
-5.880000 0.025523 0.026611 0.025523 0.026611
-5.850000 0.026180 0.027307 0.026180 0.027307
-5.820000 0.026851 0.028014 0.026851 0.028014
-5.790000 0.027534 0.028730 0.027534 0.028730
-5.760000 0.028230 0.029453 0.028230 0.029453
-5.730000 0.028936 0.030183 0.028936 0.030183
-5.700000 0.029653 0.030918 0.029653 0.030918
-5.670000 0.030379 0.031656 0.030379 0.031656
-5.640000 0.031114 0.032397 0.031114 0.032397
-5.610000 0.031856 0.033139 0.031856 0.033139
-5.580000 0.032605 0.033881 0.032605 0.033881
-5.550000 0.033358 0.034620 0.033358 0.034620
-5.520000 0.034115 0.035355 0.034115 0.035355
-5.490000 0.034875 0.036085 0.034875 0.036085
-5.460000 0.035635 0.036808 0.035635 0.036808
-5.430000 0.036396 0.037523 0.036396 0.037523
-5.400000 0.037154 0.038227 0.037154 0.038227
-5.370000 0.037909 0.038920 0.037909 0.038920
-5.340000 0.038660 0.039600 0.038660 0.039600
-5.310000 0.039404 0.040266 0.039404 0.040266
-5.280000 0.040141 0.040916 0.040141 0.040916
-5.250000 0.040869 0.041550 0.040869 0.041550
-5.220000 0.041586 0.042165 0.041586 0.042165
-5.190000 0.042291 0.042762 0.042291 0.042762
-5.160000 0.042984 0.043338 0.042984 0.043338
-5.130000 0.043662 0.043894 0.043662 0.043894
-5.100000 0.044325 0.044427 0.044325 0.044427
-5.070000 0.044971 0.044938 0.044971 0.044938
-5.040000 0.045600 0.045426 0.045600 0.045426
-5.010000 0.046210 0.045891 0.046210 0.045891
-4.980000 0.046801 0.046331 0.046801 0.046331
-4.950000 0.047372 0.046746 0.047372 0.046746
-4.920000 0.047921 0.047137 0.047921 0.047137
-4.890000 0.048449 0.047503 0.048449 0.047503
-4.860000 0.048955 0.047843 0.048955 0.047843
-4.830000 0.049437 0.048158 0.049437 0.048158
-4.800000 0.049897 0.048447 0.049897 0.048447
-4.770000 0.050332 0.048711 0.050332 0.048711
-4.740000 0.050743 0.048950 0.050743 0.048950
-4.710000 0.051130 0.049164 0.051130 0.049164
-4.680000 0.051492 0.049353 0.051492 0.049353
-4.650000 0.051828 0.049517 0.051828 0.049517
-4.620000 0.052139 0.049657 0.052139 0.049657
-4.590000 0.052423 0.049773 0.052423 0.049773
-4.560000 0.052682 0.049865 0.052682 0.049865
-4.530000 0.052914 0.049935 0.052914 0.049935
-4.500000 0.053120 0.049983 0.053120 0.049983
-4.470000 0.053299 0.050010 0.053299 0.050010
-4.440000 0.053450 0.050015 0.053450 0.050015
-4.410000 0.053575 0.050001 0.053575 0.050001
-4.380000 0.053673 0.049967 0.053673 0.049967
-4.350000 0.053744 0.049915 0.053744 0.049915
-4.320000 0.053787 0.049846 0.053787 0.049846
-4.290000 0.053803 0.049760 0.053803 0.049760
-4.260000 0.053793 0.049659 0.053793 0.049659
-4.230000 0.053755 0.049542 0.053755 0.049542
-4.200000 0.053692 0.049412 0.053692 0.049412
-4.170000 0.053602 0.049269 0.053602 0.049269
-4.140000 0.053487 0.049114 0.053487 0.049114
-4.110000 0.053347 0.048947 0.053347 0.048947
-4.080000 0.053183 0.048771 0.053183 0.048771
-4.050000 0.052995 0.048584 0.052995 0.048584
-4.020000 0.052785 0.048389 0.052785 0.048389
-3.990000 0.052554 0.048186 0.052554 0.048186
-3.960000 0.052303 0.047976 0.052303 0.047976
-3.930000 0.052034 0.047760 0.052034 0.047760
-3.900000 0.051747 0.047538 0.051747 0.047538
-3.870000 0.051444 0.047313 0.051444 0.047313
-3.840000 0.051127 0.047084 0.051127 0.047084
-3.810000 0.050798 0.046853 0.050798 0.046853
-3.780000 0.050459 0.046622 0.050459 0.046622
-3.750000 0.050110 0.046390 0.050110 0.046390
-3.720000 0.049755 0.046160 0.049755 0.046160
-3.690000 0.049396 0.045933 0.049396 0.045933
-3.660000 0.049033 0.045710 0.049033 0.045710
-3.630000 0.048670 0.045493 0.048670 0.045493
-3.600000 0.048308 0.045283 0.048308 0.045283
-3.570000 0.047951 0.045082 0.047951 0.045082
-3.540000 0.047599 0.044891 0.047599 0.044891
-3.510000 0.047255 0.044712 0.047255 0.044712
-3.480000 0.046921 0.044547 0.046921 0.044547
-3.450000 0.046600 0.044398 0.046600 0.044398
-3.420000 0.046294 0.044266 0.046294 0.044266
-3.390000 0.046006 0.044153 0.046006 0.044153
-3.360000 0.045737 0.044061 0.045737 0.044061
-3.330000 0.045491 0.043992 0.045491 0.043992
-3.300000 0.045270 0.043949 0.045270 0.043949
-3.270000 0.045076 0.043934 0.045076 0.043934
-3.240000 0.044913 0.043949 0.044913 0.043949
-3.210000 0.044783 0.043997 0.044783 0.043997
-3.180000 0.044690 0.044081 0.044690 0.044081
-3.150000 0.044638 0.044204 0.044638 0.044204
-3.120000 0.044629 0.044369 0.044629 0.044369
-3.090000 0.044669 0.044579 0.044669 0.044579
-3.060000 0.044761 0.044839 0.044761 0.044839
-3.030000 0.044910 0.045153 0.044910 0.045153
-3.000000 0.045122 0.045525 0.045122 0.045525
-2.970000 0.045402 0.045960 0.045402 0.045960
-2.940000 0.045757 0.046465 0.045757 0.046465
-2.910000 0.046193 0.047044 0.046193 0.047044
-2.880000 0.046718 0.047703 0.046718 0.047703
-2.850000 0.047341 0.048450 0.047341 0.048450
-2.820000 0.048070 0.049292 0.048070 0.049292
-2.790000 0.048915 0.050235 0.048915 0.050235
-2.760000 0.049885 0.051288 0.049885 0.051288
-2.730000 0.050991 0.052458 0.050991 0.052458
-2.700000 0.052243 0.053751 0.052243 0.053751
-2.670000 0.053651 0.055176 0.053651 0.055176
-2.640000 0.055225 0.056738 0.055225 0.056738
-2.610000 0.056973 0.058441 0.056973 0.058441
-2.580000 0.058899 0.060287 0.058899 0.060287
-2.550000 0.061006 0.062273 0.061006 0.062273
-2.520000 0.063285 0.064388 0.063285 0.064388
-2.490000 0.065717 0.066612 0.065717 0.066612
-2.460000 0.068261 0.068909 0.068261 0.068909
-2.430000 0.070851 0.071227 0.070851 0.071227
-2.400000 0.073395 0.073503 0.073395 0.073503
-2.370000 0.075790 0.075667 0.075790 0.075667
-2.340000 0.077953 0.077668 0.077953 0.077668
-2.310000 0.079867 0.079496 0.079867 0.079496
-2.280000 0.081615 0.081201 0.081615 0.081201
-2.250000 0.083364 0.082885 0.083364 0.082885
-2.220000 0.085283 0.084647 0.085283 0.084647
-2.190000 0.087383 0.086487 0.087383 0.086487
-2.160000 0.089330 0.088184 0.089330 0.088184
-2.130000 0.090361 0.089220 0.090361 0.089220
-2.100000 0.089519 0.088880 0.089519 0.088880
-2.070000 0.086287 0.086626 0.086287 0.086626
-2.040000 0.081169 0.082570 0.081169 0.082570
-2.010000 0.075544 0.077606 0.075544 0.077606
-1.980000 0.070941 0.073021 0.070941 0.073021
-1.950000 0.068539 0.070019 0.068539 0.070019
-1.920000 0.069215 0.069574 0.069215 0.069574
-1.890000 0.073885 0.072625 0.073885 0.072625
-1.860000 0.083759 0.080389 0.083759 0.080389
-1.830000 0.099846 0.094335 0.099846 0.094335
-1.800000 0.119619 0.114195 0.119619 0.114195
-1.770000 0.131095 0.131138 0.131095 0.131138
-1.740000 0.123644 0.128635 0.123644 0.128635
-1.710000 0.109691 0.111853 0.109691 0.111853
-1.680000 0.105820 0.102263 0.105820 0.102263
-1.650000 0.119063 0.110720 0.119063 0.110720
-1.620000 0.152814 0.143821 0.152814 0.143821
-1.590000 0.196826 0.200439 0.196826 0.200439
-1.560000 0.205852 0.224965 0.205852 0.224965
-1.530000 0.168793 0.178025 0.168793 0.178025
-1.500000 0.131819 0.130149 0.131819 0.130149
-1.470000 0.112828 0.107744 0.112828 0.107744
-1.440000 0.109058 0.104641 0.109058 0.104641
-1.410000 0.115017 0.113312 0.115017 0.113312
-1.380000 0.124491 0.125433 0.124491 0.125433
-1.350000 0.132540 0.134769 0.132540 0.134769
-1.320000 0.137248 0.139728 0.137248 0.139728
-1.290000 0.137812 0.139557 0.137812 0.139557
-1.260000 0.134455 0.134951 0.134455 0.134951
-1.230000 0.128726 0.128176 0.128726 0.128176
-1.200000 0.122303 0.121160 0.122303 0.121160
-1.170000 0.116262 0.114911 0.116262 0.114911
-1.140000 0.111139 0.109841 0.111139 0.109841
-1.110000 0.107152 0.106058 0.107152 0.106058
-1.080000 0.104338 0.103516 0.104338 0.103516
-1.050000 0.102628 0.102088 0.102628 0.102088
-1.020000 0.101897 0.101611 0.101897 0.101611
-0.990000 0.101995 0.101918 0.101995 0.101918
-0.960000 0.102773 0.102852 0.102773 0.102852
-0.930000 0.104090 0.104276 0.104090 0.104276
-0.900000 0.105827 0.106076 0.105827 0.106076
-0.870000 0.107874 0.108151 0.107874 0.108151
-0.840000 0.110137 0.110410 0.110137 0.110410
-0.810000 0.112518 0.112766 0.112518 0.112766
-0.780000 0.114915 0.115120 0.114915 0.115120
-0.750000 0.117212 0.117363 0.117212 0.117363
-0.720000 0.119282 0.119376 0.119282 0.119376
-0.690000 0.120998 0.121041 0.120998 0.121041
-0.660000 0.122263 0.122270 0.122263 0.122270
-0.630000 0.123044 0.123033 0.123044 0.123033
-0.600000 0.123403 0.123396 0.123403 0.123396
-0.570000 0.123511 0.123521 0.123511 0.123521
-0.540000 0.123624 0.123655 0.123624 0.123655
-0.510000 0.124028 0.124075 0.124028 0.124075
-0.480000 0.124990 0.125040 0.124990 0.125040
-0.450000 0.126702 0.126741 0.126702 0.126741
-0.420000 0.129250 0.129266 0.129250 0.129266
-0.390000 0.132602 0.132591 0.132602 0.132591
-0.360000 0.136626 0.136591 0.136626 0.136591
-0.330000 0.141146 0.141093 0.141146 0.141093
-0.300000 0.146028 0.145964 0.146028 0.145964
-0.270000 0.151274 0.151204 0.151274 0.151204
-0.240000 0.157062 0.156987 0.157062 0.156987
-0.210000 0.163688 0.163610 0.163688 0.163610
-0.180000 0.171425 0.171350 0.171425 0.171350
-0.150000 0.180336 0.180280 0.180336 0.180280
-0.120000 0.190111 0.190094 0.190111 0.190094
-0.090000 0.199956 0.199992 0.199956 0.199992
-0.060000 0.208621 0.208713 0.208621 0.208713
-0.030000 0.214645 0.214775 0.214645 0.214775
0.000000 0.216814 0.216946 0.216814 0.216946
0.030000 0.214649 0.214745 0.214649 0.214745
0.060000 0.208628 0.208664 0.208628 0.208664
0.090000 0.199964 0.199938 0.199964 0.199938
0.120000 0.190118 0.190049 0.190118 0.190049
0.150000 0.180341 0.180251 0.180341 0.180251
0.180000 0.171427 0.171337 0.171427 0.171337
0.210000 0.163690 0.163610 0.163690 0.163610
0.240000 0.157063 0.156997 0.157063 0.156997
0.270000 0.151274 0.151222 0.151274 0.151222
0.300000 0.146028 0.145989 0.146028 0.145989
0.330000 0.141146 0.141125 0.141146 0.141125
0.360000 0.136626 0.136629 0.136626 0.136629
0.390000 0.132602 0.132630 0.132602 0.132630
0.420000 0.129251 0.129302 0.129251 0.129302
0.450000 0.126705 0.126767 0.126705 0.126767
0.480000 0.124994 0.125055 0.124994 0.125055
0.510000 0.124032 0.124079 0.124032 0.124079
0.540000 0.123626 0.123653 0.123626 0.123653
0.570000 0.123512 0.123520 0.123512 0.123520
0.600000 0.123402 0.123403 0.123402 0.123403
0.630000 0.123042 0.123054 0.123042 0.123054
0.660000 0.122263 0.122304 0.122263 0.122304
0.690000 0.121001 0.121086 0.121001 0.121086
0.720000 0.119290 0.119423 0.119290 0.119423
0.750000 0.117229 0.117403 0.117229 0.117403
0.780000 0.114942 0.115144 0.114942 0.115144
0.810000 0.112556 0.112765 0.112556 0.112765
0.840000 0.110186 0.110379 0.110186 0.110379
0.870000 0.107934 0.108082 0.107934 0.108082
0.900000 0.105895 0.105968 0.105895 0.105968
0.930000 0.104166 0.104128 0.104166 0.104128
0.960000 0.102850 0.102667 0.102850 0.102667
0.990000 0.102069 0.101706 0.102069 0.101706
1.020000 0.101957 0.101388 0.101957 0.101388
1.050000 0.102663 0.101882 0.102663 0.101882
1.080000 0.104334 0.103364 0.104334 0.103364
1.110000 0.107095 0.106007 0.107095 0.106007
1.140000 0.111016 0.109945 0.111016 0.109945
1.170000 0.116066 0.115219 0.116066 0.115219
1.200000 0.122042 0.121698 0.122042 0.121698
1.230000 0.128431 0.128916 0.128431 0.128916
1.260000 0.134196 0.135745 0.134196 0.135745
1.290000 0.137690 0.140085 0.137690 0.140085
1.320000 0.137328 0.139677 0.137328 0.139677
1.350000 0.132798 0.134117 0.132798 0.134117
1.380000 0.124845 0.124311 0.124845 0.124311
1.410000 0.115271 0.112276 0.115271 0.112276
1.440000 0.108929 0.104743 0.108929 0.104743
1.470000 0.112163 0.109675 0.112163 0.109675
1.500000 0.130702 0.134010 0.130702 0.134010
1.530000 0.167965 0.181492 0.167965 0.181492
1.560000 0.207045 0.220932 0.207045 0.220932
1.590000 0.199150 0.193545 0.199150 0.193545
1.620000 0.153653 0.141864 0.153653 0.141864
1.650000 0.118694 0.111817 0.118694 0.111817
1.680000 0.105076 0.104206 0.105076 0.104206
1.710000 0.109210 0.112897 0.109210 0.112897
1.740000 0.124004 0.127340 0.124004 0.127340
1.770000 0.132008 0.128995 0.132008 0.128995
1.800000 0.119950 0.113674 0.119950 0.113674
1.830000 0.099478 0.095190 0.099478 0.095190
1.860000 0.083133 0.081688 0.083133 0.081688
1.890000 0.073274 0.073860 0.073274 0.073860
1.920000 0.068731 0.070526 0.068731 0.070526
1.950000 0.068231 0.070589 0.068231 0.070589
1.980000 0.070835 0.073173 0.070835 0.073173
2.010000 0.075637 0.077382 0.075637 0.077382
2.040000 0.081406 0.082114 0.081406 0.082114
2.070000 0.086561 0.086154 0.086561 0.086154
2.100000 0.089714 0.088582 0.089714 0.088582
2.130000 0.090421 0.089162 0.090421 0.089162
2.160000 0.089278 0.088316 0.089278 0.088316
2.190000 0.087275 0.086718 0.087275 0.086718
2.220000 0.085163 0.084907 0.085163 0.084907
2.250000 0.083248 0.083148 0.083248 0.083148
2.280000 0.081497 0.081473 0.081497 0.081473
2.310000 0.079736 0.079792 0.079736 0.079792
2.340000 0.077799 0.077998 0.077799 0.077998
2.370000 0.075614 0.076025 0.075614 0.076025
2.400000 0.073208 0.073871 0.073208 0.073871
2.430000 0.070665 0.071580 0.070665 0.071580
2.460000 0.068089 0.069221 0.068089 0.069221
2.490000 0.065568 0.066866 0.065568 0.066866
2.520000 0.063165 0.064571 0.063165 0.064571
2.550000 0.060917 0.062377 0.060917 0.062377
2.580000 0.058844 0.060311 0.058844 0.060311
2.610000 0.056950 0.058385 0.056950 0.058385
2.640000 0.055235 0.056604 0.055235 0.056604
2.670000 0.053691 0.054968 0.053691 0.054968
2.700000 0.052311 0.053475 0.052311 0.053475
2.730000 0.051085 0.052117 0.051085 0.052117
2.760000 0.050003 0.050889 0.050003 0.050889
2.790000 0.049055 0.049784 0.049055 0.049784
2.820000 0.048229 0.048795 0.048229 0.048795
2.850000 0.047517 0.047913 0.047517 0.047913
2.880000 0.046909 0.047131 0.046909 0.047131
2.910000 0.046397 0.046442 0.046397 0.046442
2.940000 0.045971 0.045840 0.045971 0.045840
2.970000 0.045625 0.045317 0.045625 0.045317
3.000000 0.045351 0.044868 0.045351 0.044868
3.030000 0.045145 0.044487 0.045145 0.044487
3.060000 0.044998 0.044169 0.044998 0.044169
3.090000 0.044908 0.043909 0.044908 0.043909
3.120000 0.044868 0.043702 0.044868 0.043702
3.150000 0.044874 0.043546 0.044874 0.043546
3.180000 0.044923 0.043435 0.044923 0.043435
3.210000 0.045011 0.043367 0.045011 0.043367
3.240000 0.045134 0.043338 0.045134 0.043338
3.270000 0.045290 0.043346 0.045290 0.043346
3.300000 0.045474 0.043387 0.045474 0.043387
3.330000 0.045685 0.043460 0.045685 0.043460
3.360000 0.045920 0.043561 0.045920 0.043561
3.390000 0.046175 0.043689 0.046175 0.043689
3.420000 0.046449 0.043841 0.046449 0.043841
3.450000 0.046740 0.044015 0.046740 0.044015
3.480000 0.047044 0.044209 0.047044 0.044209
3.510000 0.047359 0.044421 0.047359 0.044421
3.540000 0.047684 0.044649 0.047684 0.044649
3.570000 0.048017 0.044892 0.048017 0.044892
3.600000 0.048354 0.045146 0.048354 0.045146
3.630000 0.048694 0.045411 0.048694 0.045411
3.660000 0.049035 0.045685 0.049035 0.045685
3.690000 0.049375 0.045966 0.049375 0.045966
3.720000 0.049711 0.046251 0.049711 0.046251
3.750000 0.050043 0.046540 0.050043 0.046540
3.780000 0.050367 0.046831 0.050367 0.046831
3.810000 0.050683 0.047122 0.050683 0.047122
3.840000 0.050989 0.047411 0.050989 0.047411
3.870000 0.051282 0.047696 0.051282 0.047696
3.900000 0.051562 0.047978 0.051562 0.047978
3.930000 0.051826 0.048254 0.051826 0.048254
3.960000 0.052073 0.048522 0.052073 0.048522
3.990000 0.052303 0.048783 0.052303 0.048783
4.020000 0.052514 0.049034 0.052514 0.049034
4.050000 0.052704 0.049275 0.052704 0.049275
4.080000 0.052872 0.049505 0.052872 0.049505
4.110000 0.053019 0.049723 0.053019 0.049723
4.140000 0.053143 0.049928 0.053143 0.049928
4.170000 0.053243 0.050120 0.053243 0.050120
4.200000 0.053319 0.050296 0.053319 0.050296
4.230000 0.053370 0.050458 0.053370 0.050458
4.260000 0.053396 0.050603 0.053396 0.050603
4.290000 0.053396 0.050732 0.053396 0.050732
4.320000 0.053371 0.050842 0.053371 0.050842
4.350000 0.053320 0.050934 0.053320 0.050934
4.380000 0.053243 0.051006 0.053243 0.051006
4.410000 0.053140 0.051058 0.053140 0.051058
4.440000 0.053011 0.051088 0.053011 0.051088
4.470000 0.052857 0.051096 0.052857 0.051096
4.500000 0.052676 0.051081 0.052676 0.051081
4.530000 0.052469 0.051043 0.052469 0.051043
4.560000 0.052237 0.050980 0.052237 0.050980
4.590000 0.051980 0.050891 0.051980 0.050891
4.620000 0.051697 0.050777 0.051697 0.050777
4.650000 0.051389 0.050637 0.051389 0.050637
4.680000 0.051057 0.050470 0.051057 0.050470
4.710000 0.050700 0.050277 0.050700 0.050277
4.740000 0.050319 0.050055 0.050319 0.050055
4.770000 0.049913 0.049807 0.049913 0.049807
4.800000 0.049485 0.049530 0.049485 0.049530
4.830000 0.049033 0.049226 0.049033 0.049226
4.860000 0.048558 0.048894 0.048558 0.048894
4.890000 0.048062 0.048534 0.048062 0.048534
4.920000 0.047543 0.048146 0.047543 0.048146
4.950000 0.047004 0.047732 0.047004 0.047732
4.980000 0.046444 0.047290 0.046444 0.047290
5.010000 0.045865 0.046821 0.045865 0.046821
5.040000 0.045267 0.046326 0.045267 0.046326
5.070000 0.044651 0.045806 0.044651 0.045806
5.100000 0.044018 0.045261 0.044018 0.045261
5.130000 0.043368 0.044691 0.043368 0.044691
5.160000 0.042704 0.044099 0.042704 0.044099
5.190000 0.042026 0.043483 0.042026 0.043483
5.220000 0.041335 0.042847 0.041335 0.042847
5.250000 0.040633 0.042190 0.040633 0.042190
5.280000 0.039920 0.041515 0.039920 0.041515
5.310000 0.039199 0.040822 0.039199 0.040822
5.340000 0.038470 0.040112 0.038470 0.040112
5.370000 0.037734 0.039389 0.037734 0.039389
5.400000 0.036995 0.038652 0.036995 0.038652
5.430000 0.036251 0.037904 0.036251 0.037904
5.460000 0.035506 0.037146 0.035506 0.037146
5.490000 0.034760 0.036380 0.034760 0.036380
5.520000 0.034015 0.035609 0.034015 0.035609
5.550000 0.033271 0.034833 0.033271 0.034833
5.580000 0.032532 0.034054 0.032532 0.034054
5.610000 0.031796 0.033274 0.031796 0.033274
5.640000 0.031067 0.032496 0.031067 0.032496
5.670000 0.030344 0.031719 0.030344 0.031719
5.700000 0.029629 0.030947 0.029629 0.030947
5.730000 0.028923 0.030181 0.028923 0.030181
5.760000 0.028227 0.029422 0.028227 0.029422
5.790000 0.027541 0.028671 0.027541 0.028671
5.820000 0.026867 0.027930 0.026867 0.027930
5.850000 0.026204 0.027200 0.026204 0.027200
5.880000 0.025554 0.026482 0.025554 0.026482
5.910000 0.024917 0.025777 0.024917 0.025777
5.940000 0.024293 0.025086 0.024293 0.025086
5.970000 0.023683 0.024409 0.023683 0.024409
6.000000 0.023087 0.023746 0.023087 0.023746
