# Local self energy at imaginary frequency
# [Column] Data
# [1] Frequency
# [2] Re(Sigma_{shell=0, spin=up, 0, 0})
# [3] Im(Sigma_{shell=0, spin=up, 0, 0})
# [4] Re(Sigma_{shell=0, spin=down, 0, 0})
# [5] Im(Sigma_{shell=0, spin=down, 0, 0})
-628.004371 1.999976 0.006450 1.999976 0.006450 
-627.376053 1.999976 0.006456 1.999976 0.006456 
-626.747734 1.999976 0.006463 1.999976 0.006463 
-626.119416 1.999976 0.006469 1.999976 0.006469 
-625.491097 1.999976 0.006475 1.999976 0.006475 
-624.862779 1.999976 0.006482 1.999976 0.006482 
-624.234460 1.999976 0.006488 1.999976 0.006488 
-623.606142 1.999976 0.006495 1.999976 0.006495 
-622.977823 1.999976 0.006501 1.999976 0.006501 
-622.349505 1.999976 0.006507 1.999976 0.006507 
-621.721186 1.999976 0.006514 1.999976 0.006514 
-621.092868 1.999976 0.006520 1.999976 0.006520 
-620.464549 1.999976 0.006527 1.999976 0.006527 
-619.836231 1.999976 0.006533 1.999976 0.006533 
-619.207912 1.999976 0.006540 1.999976 0.006540 
-618.579593 1.999976 0.006546 1.999976 0.006546 
-617.951275 1.999976 0.006552 1.999976 0.006552 
-617.322956 1.999976 0.006559 1.999976 0.006559 
-616.694638 1.999976 0.006566 1.999976 0.006566 
-616.066319 1.999976 0.006572 1.999976 0.006572 
-615.438001 1.999976 0.006579 1.999976 0.006579 
-614.809682 1.999976 0.006585 1.999976 0.006585 
-614.181364 1.999976 0.006592 1.999976 0.006592 
-613.553045 1.999976 0.006598 1.999976 0.006598 
-612.924727 1.999976 0.006605 1.999976 0.006605 
-612.296408 1.999976 0.006612 1.999976 0.006612 
-611.668090 1.999976 0.006618 1.999976 0.006618 
-611.039771 1.999976 0.006625 1.999976 0.006625 
-610.411453 1.999976 0.006631 1.999976 0.006631 
-609.783134 1.999976 0.006638 1.999976 0.006638 
-609.154816 1.999976 0.006645 1.999976 0.006645 
-608.526497 1.999976 0.006651 1.999976 0.006651 
-607.898178 1.999976 0.006658 1.999976 0.006658 
-607.269860 1.999976 0.006665 1.999976 0.006665 
-606.641541 1.999976 0.006672 1.999976 0.006672 
-606.013223 1.999976 0.006678 1.999976 0.006678 
-605.384904 1.999976 0.006685 1.999976 0.006685 
-604.756586 1.999976 0.006692 1.999976 0.006692 
-604.128267 1.999976 0.006699 1.999976 0.006699 
-603.499949 1.999976 0.006706 1.999976 0.006706 
-602.871630 1.999976 0.006712 1.999976 0.006712 
-602.243312 1.999976 0.006719 1.999976 0.006719 
-601.614993 1.999976 0.006726 1.999976 0.006726 
-600.986675 1.999976 0.006733 1.999976 0.006733 
-600.358356 1.999976 0.006740 1.999976 0.006740 
-599.730038 1.999976 0.006747 1.999976 0.006747 
-599.101719 1.999976 0.006754 1.999976 0.006754 
-598.473401 1.999976 0.006761 1.999976 0.006761 
-597.845082 1.999976 0.006768 1.999976 0.006768 
-597.216763 1.999976 0.006774 1.999976 0.006774 
-596.588445 1.999976 0.006781 1.999976 0.006781 
-595.960126 1.999976 0.006788 1.999976 0.006788 
-595.331808 1.999976 0.006795 1.999976 0.006795 
-594.703489 1.999976 0.006802 1.999976 0.006802 
-594.075171 1.999976 0.006809 1.999976 0.006809 
-593.446852 1.999976 0.006817 1.999976 0.006817 
-592.818534 1.999976 0.006824 1.999976 0.006824 
-592.190215 1.999976 0.006831 1.999976 0.006831 
-591.561897 1.999976 0.006838 1.999976 0.006838 
-590.933578 1.999976 0.006845 1.999976 0.006845 
-590.305260 1.999976 0.006852 1.999976 0.006852 
-589.676941 1.999976 0.006859 1.999976 0.006859 
-589.048623 1.999976 0.006866 1.999976 0.006866 
-588.420304 1.999976 0.006873 1.999976 0.006873 
-587.791985 1.999976 0.006881 1.999976 0.006881 
-587.163667 1.999976 0.006888 1.999976 0.006888 
-586.535348 1.999976 0.006895 1.999976 0.006895 
-585.907030 1.999976 0.006902 1.999976 0.006902 
-585.278711 1.999976 0.006910 1.999976 0.006910 
-584.650393 1.999976 0.006917 1.999976 0.006917 
-584.022074 1.999976 0.006924 1.999976 0.006924 
-583.393756 1.999976 0.006931 1.999976 0.006931 
-582.765437 1.999976 0.006939 1.999976 0.006939 
-582.137119 1.999976 0.006946 1.999976 0.006946 
-581.508800 1.999976 0.006953 1.999976 0.006953 
-580.880482 1.999976 0.006961 1.999976 0.006961 
-580.252163 1.999976 0.006968 1.999976 0.006968 
-579.623845 1.999976 0.006975 1.999976 0.006975 
-578.995526 1.999976 0.006983 1.999976 0.006983 
-578.367208 1.999976 0.006990 1.999976 0.006990 
-577.738889 1.999976 0.006998 1.999976 0.006998 
-577.110570 1.999976 0.007005 1.999976 0.007005 
-576.482252 1.999976 0.007013 1.999976 0.007013 
-575.853933 1.999976 0.007020 1.999976 0.007020 
-575.225615 1.999976 0.007028 1.999976 0.007028 
-574.597296 1.999976 0.007035 1.999976 0.007035 
-573.968978 1.999976 0.007043 1.999976 0.007043 
-573.340659 1.999976 0.007050 1.999976 0.007050 
-572.712341 1.999976 0.007058 1.999976 0.007058 
-572.084022 1.999976 0.007065 1.999976 0.007065 
-571.455704 1.999976 0.007073 1.999976 0.007073 
-570.827385 1.999976 0.007081 1.999976 0.007081 
-570.199067 1.999976 0.007088 1.999976 0.007088 
-569.570748 1.999976 0.007096 1.999976 0.007096 
-568.942430 1.999976 0.007104 1.999976 0.007104 
-568.314111 1.999976 0.007111 1.999976 0.007111 
-567.685793 1.999976 0.007119 1.999976 0.007119 
-567.057474 1.999976 0.007127 1.999976 0.007127 
-566.429155 1.999976 0.007134 1.999976 0.007134 
-565.800837 1.999976 0.007142 1.999976 0.007142 
-565.172518 1.999976 0.007150 1.999976 0.007150 
-564.544200 1.999976 0.007158 1.999976 0.007158 
-563.915881 1.999976 0.007166 1.999976 0.007166 
-563.287563 1.999976 0.007173 1.999976 0.007173 
-562.659244 1.999976 0.007181 1.999976 0.007181 
-562.030926 1.999976 0.007189 1.999976 0.007189 
-561.402607 1.999976 0.007197 1.999976 0.007197 
-560.774289 1.999976 0.007205 1.999976 0.007205 
-560.145970 1.999976 0.007213 1.999976 0.007213 
-559.517652 1.999976 0.007221 1.999976 0.007221 
-558.889333 1.999976 0.007229 1.999976 0.007229 
-558.261015 1.999976 0.007237 1.999976 0.007237 
-557.632696 1.999976 0.007245 1.999976 0.007245 
-557.004377 1.999976 0.007253 1.999976 0.007253 
-556.376059 1.999976 0.007261 1.999976 0.007261 
-555.747740 1.999976 0.007269 1.999976 0.007269 
-555.119422 1.999976 0.007277 1.999976 0.007277 
-554.491103 1.999976 0.007285 1.999976 0.007285 
-553.862785 1.999976 0.007293 1.999976 0.007293 
-553.234466 1.999976 0.007301 1.999976 0.007301 
-552.606148 1.999976 0.007309 1.999976 0.007309 
-551.977829 1.999976 0.007317 1.999976 0.007317 
-551.349511 1.999976 0.007326 1.999976 0.007326 
-550.721192 1.999976 0.007334 1.999976 0.007334 
-550.092874 1.999976 0.007342 1.999976 0.007342 
-549.464555 1.999976 0.007350 1.999976 0.007350 
-548.836237 1.999976 0.007359 1.999976 0.007359 
-548.207918 1.999976 0.007367 1.999976 0.007367 
-547.579600 1.999976 0.007375 1.999976 0.007375 
-546.951281 1.999976 0.007383 1.999976 0.007383 
-546.322962 1.999976 0.007392 1.999976 0.007392 
-545.694644 1.999976 0.007400 1.999976 0.007400 
-545.066325 1.999976 0.007408 1.999976 0.007408 
-544.438007 1.999976 0.007417 1.999976 0.007417 
-543.809688 1.999976 0.007425 1.999976 0.007425 
-543.181370 1.999976 0.007434 1.999976 0.007434 
-542.553051 1.999976 0.007442 1.999976 0.007442 
-541.924733 1.999976 0.007451 1.999976 0.007451 
-541.296414 1.999976 0.007459 1.999976 0.007459 
-540.668096 1.999976 0.007468 1.999976 0.007468 
-540.039777 1.999976 0.007476 1.999976 0.007476 
-539.411459 1.999976 0.007485 1.999976 0.007485 
-538.783140 1.999976 0.007493 1.999976 0.007493 
-538.154822 1.999976 0.007502 1.999976 0.007502 
-537.526503 1.999976 0.007510 1.999976 0.007510 
-536.898184 1.999976 0.007519 1.999976 0.007519 
-536.269866 1.999976 0.007528 1.999976 0.007528 
-535.641547 1.999976 0.007536 1.999976 0.007536 
-535.013229 1.999976 0.007545 1.999976 0.007545 
-534.384910 1.999976 0.007554 1.999976 0.007554 
-533.756592 1.999976 0.007562 1.999976 0.007562 
-533.128273 1.999976 0.007571 1.999976 0.007571 
-532.499955 1.999976 0.007580 1.999976 0.007580 
-531.871636 1.999976 0.007589 1.999976 0.007589 
-531.243318 1.999976 0.007598 1.999976 0.007598 
-530.614999 1.999976 0.007606 1.999976 0.007606 
-529.986681 1.999976 0.007615 1.999976 0.007615 
-529.358362 1.999976 0.007624 1.999976 0.007624 
-528.730044 1.999976 0.007633 1.999976 0.007633 
-528.101725 1.999976 0.007642 1.999976 0.007642 
-527.473407 1.999976 0.007651 1.999976 0.007651 
-526.845088 1.999976 0.007660 1.999976 0.007660 
-526.216769 1.999976 0.007669 1.999976 0.007669 
-525.588451 1.999976 0.007678 1.999976 0.007678 
-524.960132 1.999976 0.007687 1.999976 0.007687 
-524.331814 1.999976 0.007696 1.999976 0.007696 
-523.703495 1.999976 0.007705 1.999976 0.007705 
-523.075177 1.999976 0.007714 1.999976 0.007714 
-522.446858 1.999976 0.007723 1.999976 0.007723 
-521.818540 1.999976 0.007732 1.999976 0.007732 
-521.190221 1.999976 0.007741 1.999976 0.007741 
-520.561903 1.999976 0.007751 1.999976 0.007751 
-519.933584 1.999976 0.007760 1.999976 0.007760 
-519.305266 1.999976 0.007769 1.999976 0.007769 
-518.676947 1.999976 0.007778 1.999976 0.007778 
-518.048629 1.999976 0.007788 1.999976 0.007788 
-517.420310 1.999976 0.007797 1.999976 0.007797 
-516.791992 1.999976 0.007806 1.999976 0.007806 
-516.163673 1.999976 0.007816 1.999976 0.007816 
-515.535354 1.999976 0.007825 1.999976 0.007825 
-514.907036 1.999976 0.007834 1.999976 0.007834 
-514.278717 1.999976 0.007844 1.999976 0.007844 
-513.650399 1.999976 0.007853 1.999976 0.007853 
-513.022080 1.999976 0.007863 1.999976 0.007863 
-512.393762 1.999976 0.007872 1.999976 0.007872 
-511.765443 1.999976 0.007882 1.999976 0.007882 
-511.137125 1.999976 0.007891 1.999976 0.007891 
-510.508806 1.999976 0.007901 1.999976 0.007901 
-509.880488 1.999976 0.007910 1.999976 0.007910 
-509.252169 1.999976 0.007920 1.999976 0.007920 
-508.623851 1.999976 0.007929 1.999976 0.007929 
-507.995532 1.999976 0.007939 1.999976 0.007939 
-507.367214 1.999976 0.007949 1.999976 0.007949 
-506.738895 1.999976 0.007958 1.999976 0.007958 
-506.110576 1.999976 0.007968 1.999976 0.007968 
-505.482258 1.999976 0.007978 1.999976 0.007978 
-504.853939 1.999976 0.007988 1.999976 0.007988 
-504.225621 1.999976 0.007997 1.999976 0.007997 
-503.597302 1.999976 0.008007 1.999976 0.008007 
-502.968984 1.999976 0.008017 1.999976 0.008017 
-502.340665 1.999976 0.008027 1.999976 0.008027 
-501.712347 1.999976 0.008037 1.999976 0.008037 
-501.084028 1.999976 0.008047 1.999976 0.008047 
-500.455710 1.999976 0.008057 1.999976 0.008057 
-499.827391 1.999976 0.008067 1.999976 0.008067 
-499.199073 1.999976 0.008077 1.999976 0.008077 
-498.570754 1.999976 0.008087 1.999976 0.008087 
-497.942436 1.999976 0.008097 1.999976 0.008097 
-497.314117 1.999976 0.008107 1.999976 0.008107 
-496.685799 1.999976 0.008117 1.999976 0.008117 
-496.057480 1.999976 0.008127 1.999976 0.008127 
-495.429161 1.999976 0.008137 1.999976 0.008137 
-494.800843 1.999976 0.008147 1.999976 0.008147 
-494.172524 1.999976 0.008157 1.999976 0.008157 
-493.544206 1.999976 0.008168 1.999976 0.008168 
-492.915887 1.999976 0.008178 1.999976 0.008178 
-492.287569 1.999976 0.008188 1.999976 0.008188 
-491.659250 1.999976 0.008198 1.999976 0.008198 
-491.030932 1.999976 0.008209 1.999976 0.008209 
-490.402613 1.999976 0.008219 1.999976 0.008219 
-489.774295 1.999976 0.008230 1.999976 0.008230 
-489.145976 1.999976 0.008240 1.999976 0.008240 
-488.517658 1.999976 0.008250 1.999976 0.008250 
-487.889339 1.999976 0.008261 1.999976 0.008261 
-487.261021 1.999976 0.008271 1.999976 0.008271 
-486.632702 1.999976 0.008282 1.999976 0.008282 
-486.004384 1.999976 0.008292 1.999976 0.008292 
-485.376065 1.999976 0.008303 1.999976 0.008303 
-484.747746 1.999976 0.008314 1.999976 0.008314 
-484.119428 1.999976 0.008324 1.999976 0.008324 
-483.491109 1.999976 0.008335 1.999976 0.008335 
-482.862791 1.999976 0.008345 1.999976 0.008345 
-482.234472 1.999976 0.008356 1.999976 0.008356 
-481.606154 1.999976 0.008367 1.999976 0.008367 
-480.977835 1.999976 0.008378 1.999976 0.008378 
-480.349517 1.999976 0.008388 1.999976 0.008388 
-479.721198 1.999976 0.008399 1.999976 0.008399 
-479.092880 1.999976 0.008410 1.999976 0.008410 
-478.464561 1.999976 0.008421 1.999976 0.008421 
-477.836243 1.999976 0.008432 1.999976 0.008432 
-477.207924 1.999976 0.008443 1.999976 0.008443 
-476.579606 1.999976 0.008454 1.999976 0.008454 
-475.951287 1.999976 0.008465 1.999976 0.008465 
-475.322968 1.999976 0.008476 1.999976 0.008476 
-474.694650 1.999976 0.008487 1.999976 0.008487 
-474.066331 1.999976 0.008498 1.999976 0.008498 
-473.438013 1.999976 0.008509 1.999976 0.008509 
-472.809694 1.999976 0.008520 1.999976 0.008520 
-472.181376 1.999976 0.008531 1.999976 0.008531 
-471.553057 1.999976 0.008543 1.999976 0.008543 
-470.924739 1.999976 0.008554 1.999976 0.008554 
-470.296420 1.999976 0.008565 1.999976 0.008565 
-469.668102 1.999976 0.008576 1.999976 0.008576 
-469.039783 1.999976 0.008588 1.999976 0.008588 
-468.411465 1.999976 0.008599 1.999976 0.008599 
-467.783146 1.999976 0.008610 1.999976 0.008610 
-467.154828 1.999976 0.008622 1.999976 0.008622 
-466.526509 1.999976 0.008633 1.999976 0.008633 
-465.898191 1.999976 0.008645 1.999976 0.008645 
-465.269872 1.999976 0.008656 1.999976 0.008656 
-464.641553 1.999976 0.008668 1.999976 0.008668 
-464.013235 1.999976 0.008679 1.999976 0.008679 
-463.384916 1.999976 0.008691 1.999976 0.008691 
-462.756598 1.999976 0.008703 1.999976 0.008703 
-462.128279 1.999976 0.008714 1.999976 0.008714 
-461.499961 1.999976 0.008726 1.999976 0.008726 
-460.871642 1.999976 0.008738 1.999976 0.008738 
-460.243324 1.999976 0.008750 1.999976 0.008750 
-459.615005 1.999976 0.008761 1.999976 0.008761 
-458.986687 1.999976 0.008773 1.999976 0.008773 
-458.358368 1.999976 0.008785 1.999976 0.008785 
-457.730050 1.999976 0.008797 1.999976 0.008797 
-457.101731 1.999976 0.008809 1.999976 0.008809 
-456.473413 1.999976 0.008821 1.999976 0.008821 
-455.845094 1.999976 0.008833 1.999976 0.008833 
-455.216776 1.999976 0.008845 1.999976 0.008845 
-454.588457 1.999976 0.008857 1.999976 0.008857 
-453.960138 1.999976 0.008869 1.999976 0.008869 
-453.331820 1.999976 0.008881 1.999976 0.008881 
-452.703501 1.999976 0.008893 1.999976 0.008893 
-452.075183 1.999976 0.008905 1.999976 0.008905 
-451.446864 1.999976 0.008918 1.999976 0.008918 
-450.818546 1.999976 0.008930 1.999976 0.008930 
-450.190227 1.999976 0.008942 1.999976 0.008942 
-449.561909 1.999976 0.008955 1.999976 0.008955 
-448.933590 1.999976 0.008967 1.999976 0.008967 
-448.305272 1.999976 0.008979 1.999976 0.008979 
-447.676953 1.999976 0.008992 1.999976 0.008992 
-447.048635 1.999976 0.009004 1.999976 0.009004 
-446.420316 1.999976 0.009017 1.999976 0.009017 
-445.791998 1.999976 0.009029 1.999976 0.009029 
-445.163679 1.999976 0.009042 1.999976 0.009042 
-444.535360 1.999976 0.009055 1.999976 0.009055 
-443.907042 1.999976 0.009067 1.999976 0.009067 
-443.278723 1.999976 0.009080 1.999976 0.009080 
-442.650405 1.999976 0.009093 1.999976 0.009093 
-442.022086 1.999976 0.009105 1.999976 0.009105 
-441.393768 1.999976 0.009118 1.999976 0.009118 
-440.765449 1.999976 0.009131 1.999976 0.009131 
-440.137131 1.999976 0.009144 1.999976 0.009144 
-439.508812 1.999976 0.009157 1.999976 0.009157 
-438.880494 1.999976 0.009170 1.999976 0.009170 
-438.252175 1.999976 0.009183 1.999976 0.009183 
-437.623857 1.999976 0.009196 1.999976 0.009196 
-436.995538 1.999976 0.009209 1.999976 0.009209 
-436.367220 1.999976 0.009222 1.999976 0.009222 
-435.738901 1.999976 0.009235 1.999976 0.009235 
-435.110583 1.999976 0.009248 1.999976 0.009248 
-434.482264 1.999976 0.009261 1.999976 0.009261 
-433.853945 1.999976 0.009275 1.999976 0.009275 
-433.225627 1.999976 0.009288 1.999976 0.009288 
-432.597308 1.999976 0.009301 1.999976 0.009301 
-431.968990 1.999976 0.009315 1.999976 0.009315 
-431.340671 1.999976 0.009328 1.999976 0.009328 
-430.712353 1.999976 0.009341 1.999976 0.009341 
-430.084034 1.999976 0.009355 1.999976 0.009355 
-429.455716 1.999976 0.009368 1.999976 0.009368 
-428.827397 1.999976 0.009382 1.999976 0.009382 
-428.199079 1.999976 0.009396 1.999976 0.009396 
-427.570760 1.999976 0.009409 1.999976 0.009409 
-426.942442 1.999976 0.009423 1.999976 0.009423 
-426.314123 1.999976 0.009437 1.999976 0.009437 
-425.685805 1.999976 0.009450 1.999976 0.009450 
-425.057486 1.999976 0.009464 1.999976 0.009464 
-424.429167 1.999976 0.009478 1.999976 0.009478 
-423.800849 1.999976 0.009492 1.999976 0.009492 
-423.172530 1.999976 0.009506 1.999976 0.009506 
-422.544212 1.999976 0.009520 1.999976 0.009520 
-421.915893 1.999976 0.009534 1.999976 0.009534 
-421.287575 1.999976 0.009548 1.999976 0.009548 
-420.659256 1.999976 0.009562 1.999976 0.009562 
-420.030938 1.999976 0.009576 1.999976 0.009576 
-419.402619 1.999976 0.009590 1.999976 0.009590 
-418.774301 1.999976 0.009605 1.999976 0.009605 
-418.145982 1.999976 0.009619 1.999976 0.009619 
-417.517664 1.999976 0.009633 1.999976 0.009633 
-416.889345 1.999976 0.009647 1.999976 0.009647 
-416.261027 1.999976 0.009662 1.999976 0.009662 
-415.632708 1.999976 0.009676 1.999976 0.009676 
-415.004390 1.999976 0.009691 1.999976 0.009691 
-414.376071 1.999976 0.009705 1.999976 0.009705 
-413.747752 1.999976 0.009720 1.999976 0.009720 
-413.119434 1.999976 0.009734 1.999976 0.009734 
-412.491115 1.999976 0.009749 1.999976 0.009749 
-411.862797 1.999976 0.009764 1.999976 0.009764 
-411.234478 1.999976 0.009779 1.999976 0.009779 
-410.606160 1.999976 0.009793 1.999976 0.009793 
-409.977841 1.999976 0.009808 1.999976 0.009808 
-409.349523 1.999976 0.009823 1.999976 0.009823 
-408.721204 1.999976 0.009838 1.999976 0.009838 
-408.092886 1.999976 0.009853 1.999976 0.009853 
-407.464567 1.999976 0.009868 1.999976 0.009868 
-406.836249 1.999976 0.009883 1.999976 0.009883 
-406.207930 1.999976 0.009898 1.999976 0.009898 
-405.579612 1.999976 0.009913 1.999976 0.009913 
-404.951293 1.999976 0.009929 1.999976 0.009929 
-404.322975 1.999976 0.009944 1.999976 0.009944 
-403.694656 1.999976 0.009959 1.999976 0.009959 
-403.066337 1.999976 0.009975 1.999976 0.009975 
-402.438019 1.999976 0.009990 1.999976 0.009990 
-401.809700 1.999976 0.010005 1.999976 0.010005 
-401.181382 1.999976 0.010021 1.999976 0.010021 
-400.553063 1.999976 0.010036 1.999976 0.010036 
-399.924745 1.999976 0.010052 1.999976 0.010052 
-399.296426 1.999976 0.010068 1.999976 0.010068 
-398.668108 1.999976 0.010083 1.999976 0.010083 
-398.039789 1.999976 0.010099 1.999976 0.010099 
-397.411471 1.999976 0.010115 1.999976 0.010115 
-396.783152 1.999976 0.010131 1.999976 0.010131 
-396.154834 1.999976 0.010147 1.999976 0.010147 
-395.526515 1.999976 0.010163 1.999976 0.010163 
-394.898197 1.999976 0.010179 1.999976 0.010179 
-394.269878 1.999976 0.010195 1.999976 0.010195 
-393.641559 1.999976 0.010211 1.999976 0.010211 
-393.013241 1.999976 0.010227 1.999976 0.010227 
-392.384922 1.999976 0.010243 1.999976 0.010243 
-391.756604 1.999976 0.010259 1.999976 0.010259 
-391.128285 1.999976 0.010276 1.999976 0.010276 
-390.499967 1.999976 0.010292 1.999976 0.010292 
-389.871648 1.999976 0.010309 1.999976 0.010309 
-389.243330 1.999976 0.010325 1.999976 0.010325 
-388.615011 1.999976 0.010342 1.999976 0.010342 
-387.986693 1.999976 0.010358 1.999976 0.010358 
-387.358374 1.999976 0.010375 1.999976 0.010375 
-386.730056 1.999976 0.010391 1.999976 0.010391 
-386.101737 1.999976 0.010408 1.999976 0.010408 
-385.473419 1.999976 0.010425 1.999976 0.010425 
-384.845100 1.999976 0.010442 1.999976 0.010442 
-384.216782 1.999976 0.010459 1.999976 0.010459 
-383.588463 1.999976 0.010476 1.999976 0.010476 
-382.960144 1.999976 0.010493 1.999976 0.010493 
-382.331826 1.999976 0.010510 1.999976 0.010510 
-381.703507 1.999976 0.010527 1.999976 0.010527 
-381.075189 1.999976 0.010544 1.999976 0.010544 
-380.446870 1.999976 0.010561 1.999976 0.010561 
-379.818552 1.999976 0.010579 1.999976 0.010579 
-379.190233 1.999976 0.010596 1.999976 0.010596 
-378.561915 1.999976 0.010613 1.999976 0.010613 
-377.933596 1.999976 0.010631 1.999976 0.010631 
-377.305278 1.999976 0.010648 1.999976 0.010648 
-376.676959 1.999976 0.010666 1.999976 0.010666 
-376.048641 1.999976 0.010684 1.999976 0.010684 
-375.420322 1.999976 0.010701 1.999976 0.010701 
-374.792004 1.999976 0.010719 1.999976 0.010719 
-374.163685 1.999976 0.010737 1.999976 0.010737 
-373.535367 1.999976 0.010755 1.999976 0.010755 
-372.907048 1.999976 0.010773 1.999976 0.010773 
-372.278729 1.999976 0.010791 1.999976 0.010791 
-371.650411 1.999976 0.010809 1.999976 0.010809 
-371.022092 1.999976 0.010827 1.999976 0.010827 
-370.393774 1.999976 0.010845 1.999976 0.010845 
-369.765455 1.999976 0.010864 1.999976 0.010864 
-369.137137 1.999976 0.010882 1.999976 0.010882 
-368.508818 1.999976 0.010900 1.999976 0.010900 
-367.880500 1.999976 0.010919 1.999976 0.010919 
-367.252181 1.999976 0.010937 1.999976 0.010937 
-366.623863 1.999976 0.010956 1.999976 0.010956 
-365.995544 1.999976 0.010974 1.999976 0.010974 
-365.367226 1.999976 0.010993 1.999976 0.010993 
-364.738907 1.999976 0.011012 1.999976 0.011012 
-364.110589 1.999976 0.011031 1.999976 0.011031 
-363.482270 1.999976 0.011050 1.999976 0.011050 
-362.853951 1.999976 0.011069 1.999976 0.011069 
-362.225633 1.999976 0.011088 1.999976 0.011088 
-361.597314 1.999976 0.011107 1.999976 0.011107 
-360.968996 1.999976 0.011126 1.999976 0.011126 
-360.340677 1.999976 0.011145 1.999976 0.011145 
-359.712359 1.999976 0.011164 1.999976 0.011164 
-359.084040 1.999976 0.011184 1.999976 0.011184 
-358.455722 1.999976 0.011203 1.999976 0.011203 
-357.827403 1.999976 0.011223 1.999976 0.011223 
-357.199085 1.999976 0.011242 1.999976 0.011242 
-356.570766 1.999976 0.011262 1.999976 0.011262 
-355.942448 1.999976 0.011282 1.999976 0.011282 
-355.314129 1.999976 0.011301 1.999976 0.011301 
-354.685811 1.999976 0.011321 1.999976 0.011321 
-354.057492 1.999976 0.011341 1.999976 0.011341 
-353.429174 1.999976 0.011361 1.999976 0.011361 
-352.800855 1.999976 0.011381 1.999976 0.011381 
-352.172536 1.999976 0.011401 1.999976 0.011401 
-351.544218 1.999976 0.011422 1.999976 0.011422 
-350.915899 1.999976 0.011442 1.999976 0.011442 
-350.287581 1.999976 0.011462 1.999976 0.011462 
-349.659262 1.999976 0.011483 1.999976 0.011483 
-349.030944 1.999976 0.011503 1.999976 0.011503 
-348.402625 1.999976 0.011524 1.999976 0.011524 
-347.774307 1.999976 0.011544 1.999976 0.011544 
-347.145988 1.999976 0.011565 1.999976 0.011565 
-346.517670 1.999976 0.011586 1.999976 0.011586 
-345.889351 1.999976 0.011607 1.999976 0.011607 
-345.261033 1.999976 0.011628 1.999976 0.011628 
-344.632714 1.999976 0.011649 1.999976 0.011649 
-344.004396 1.999976 0.011670 1.999976 0.011670 
-343.376077 1.999976 0.011691 1.999976 0.011691 
-342.747759 1.999976 0.011712 1.999976 0.011712 
-342.119440 1.999976 0.011734 1.999976 0.011734 
-341.491121 1.999976 0.011755 1.999976 0.011755 
-340.862803 1.999976 0.011777 1.999976 0.011777 
-340.234484 1.999976 0.011798 1.999976 0.011798 
-339.606166 1.999976 0.011820 1.999976 0.011820 
-338.977847 1.999976 0.011842 1.999976 0.011842 
-338.349529 1.999976 0.011863 1.999976 0.011863 
-337.721210 1.999976 0.011885 1.999976 0.011885 
-337.092892 1.999976 0.011907 1.999976 0.011907 
-336.464573 1.999976 0.011929 1.999976 0.011929 
-335.836255 1.999976 0.011951 1.999976 0.011951 
-335.207936 1.999976 0.011974 1.999976 0.011974 
-334.579618 1.999976 0.011996 1.999976 0.011996 
-333.951299 1.999976 0.012018 1.999976 0.012018 
-333.322981 1.999976 0.012041 1.999976 0.012041 
-332.694662 1.999976 0.012063 1.999976 0.012063 
-332.066343 1.999976 0.012086 1.999976 0.012086 
-331.438025 1.999976 0.012109 1.999976 0.012109 
-330.809706 1.999976 0.012132 1.999976 0.012132 
-330.181388 1.999976 0.012155 1.999976 0.012155 
-329.553069 1.999976 0.012178 1.999976 0.012178 
-328.924751 1.999976 0.012201 1.999976 0.012201 
-328.296432 1.999976 0.012224 1.999976 0.012224 
-327.668114 1.999976 0.012247 1.999976 0.012247 
-327.039795 1.999976 0.012270 1.999976 0.012270 
-326.411477 1.999976 0.012294 1.999976 0.012294 
-325.783158 1.999976 0.012317 1.999976 0.012317 
-325.154840 1.999976 0.012341 1.999976 0.012341 
-324.526521 1.999976 0.012365 1.999976 0.012365 
-323.898203 1.999976 0.012389 1.999976 0.012389 
-323.269884 1.999976 0.012412 1.999976 0.012412 
-322.641566 1.999976 0.012436 1.999976 0.012436 
-322.013247 1.999976 0.012461 1.999976 0.012461 
-321.384928 1.999976 0.012485 1.999976 0.012485 
-320.756610 1.999976 0.012509 1.999976 0.012509 
-320.128291 1.999976 0.012533 1.999976 0.012533 
-319.499973 1.999976 0.012558 1.999976 0.012558 
-318.871654 1.999976 0.012582 1.999976 0.012582 
-318.243336 1.999976 0.012607 1.999976 0.012607 
-317.615017 1.999976 0.012632 1.999976 0.012632 
-316.986699 1.999976 0.012657 1.999976 0.012657 
-316.358380 1.999976 0.012682 1.999976 0.012682 
-315.730062 1.999976 0.012707 1.999976 0.012707 
-315.101743 1.999976 0.012732 1.999976 0.012732 
-314.473425 1.999976 0.012757 1.999976 0.012757 
-313.845106 1.999976 0.012783 1.999976 0.012783 
-313.216788 1.999976 0.012808 1.999976 0.012808 
-312.588469 1.999976 0.012834 1.999976 0.012834 
-311.960151 1.999976 0.012859 1.999976 0.012859 
-311.331832 1.999976 0.012885 1.999976 0.012885 
-310.703513 1.999976 0.012911 1.999976 0.012911 
-310.075195 1.999976 0.012937 1.999976 0.012937 
-309.446876 1.999976 0.012963 1.999976 0.012963 
-308.818558 1.999976 0.012989 1.999976 0.012989 
-308.190239 1.999976 0.013016 1.999976 0.013016 
-307.561921 1.999976 0.013042 1.999976 0.013042 
-306.933602 1.999976 0.013068 1.999976 0.013068 
-306.305284 1.999976 0.013095 1.999976 0.013095 
-305.676965 1.999976 0.013122 1.999976 0.013122 
-305.048647 1.999976 0.013149 1.999976 0.013149 
-304.420328 1.999976 0.013176 1.999976 0.013176 
-303.792010 1.999976 0.013203 1.999976 0.013203 
-303.163691 1.999976 0.013230 1.999976 0.013230 
-302.535373 1.999976 0.013257 1.999976 0.013257 
-301.907054 1.999976 0.013285 1.999976 0.013285 
-301.278735 1.999976 0.013312 1.999976 0.013312 
-300.650417 1.999976 0.013340 1.999976 0.013340 
-300.022098 1.999976 0.013368 1.999976 0.013368 
-299.393780 1.999976 0.013395 1.999976 0.013395 
-298.765461 1.999976 0.013423 1.999976 0.013423 
-298.137143 1.999976 0.013452 1.999976 0.013452 
-297.508824 1.999976 0.013480 1.999976 0.013480 
-296.880506 1.999976 0.013508 1.999976 0.013508 
-296.252187 1.999976 0.013537 1.999976 0.013537 
-295.623869 1.999976 0.013565 1.999976 0.013565 
-294.995550 1.999976 0.013594 1.999976 0.013594 
-294.367232 1.999976 0.013623 1.999976 0.013623 
-293.738913 1.999976 0.013652 1.999976 0.013652 
-293.110595 1.999976 0.013681 1.999976 0.013681 
-292.482276 1.999976 0.013710 1.999976 0.013710 
-291.853958 1.999976 0.013739 1.999976 0.013739 
-291.225639 1.999976 0.013769 1.999976 0.013769 
-290.597320 1.999976 0.013798 1.999976 0.013798 
-289.969002 1.999976 0.013828 1.999976 0.013828 
-289.340683 1.999976 0.013858 1.999976 0.013858 
-288.712365 1.999976 0.013888 1.999976 0.013888 
-288.084046 1.999976 0.013918 1.999976 0.013918 
-287.455728 1.999976 0.013948 1.999976 0.013948 
-286.827409 1.999976 0.013979 1.999976 0.013979 
-286.199091 1.999976 0.014009 1.999976 0.014009 
-285.570772 1.999976 0.014040 1.999976 0.014040 
-284.942454 1.999976 0.014071 1.999976 0.014071 
-284.314135 1.999976 0.014102 1.999976 0.014102 
-283.685817 1.999976 0.014133 1.999976 0.014133 
-283.057498 1.999976 0.014164 1.999976 0.014164 
-282.429180 1.999976 0.014195 1.999976 0.014195 
-281.800861 1.999976 0.014227 1.999976 0.014227 
-281.172542 1.999976 0.014258 1.999976 0.014258 
-280.544224 1.999976 0.014290 1.999976 0.014290 
-279.915905 1.999976 0.014322 1.999976 0.014322 
-279.287587 1.999976 0.014354 1.999976 0.014354 
-278.659268 1.999976 0.014386 1.999976 0.014386 
-278.030950 1.999976 0.014418 1.999976 0.014418 
-277.402631 1.999976 0.014451 1.999976 0.014451 
-276.774313 1.999976 0.014483 1.999976 0.014483 
-276.145994 1.999976 0.014516 1.999976 0.014516 
-275.517676 1.999976 0.014549 1.999976 0.014549 
-274.889357 1.999976 0.014582 1.999976 0.014582 
-274.261039 1.999976 0.014615 1.999976 0.014615 
-273.632720 1.999976 0.014649 1.999976 0.014649 
-273.004402 1.999976 0.014682 1.999976 0.014682 
-272.376083 1.999976 0.014716 1.999976 0.014716 
-271.747765 1.999976 0.014750 1.999976 0.014750 
-271.119446 1.999976 0.014784 1.999976 0.014784 
-270.491127 1.999976 0.014818 1.999976 0.014818 
-269.862809 1.999976 0.014852 1.999976 0.014852 
-269.234490 1.999976 0.014887 1.999976 0.014887 
-268.606172 1.999976 0.014921 1.999976 0.014921 
-267.977853 1.999976 0.014956 1.999976 0.014956 
-267.349535 1.999976 0.014991 1.999976 0.014991 
-266.721216 1.999976 0.015026 1.999976 0.015026 
-266.092898 1.999976 0.015062 1.999976 0.015062 
-265.464579 1.999976 0.015097 1.999976 0.015097 
-264.836261 1.999976 0.015133 1.999976 0.015133 
-264.207942 1.999976 0.015169 1.999976 0.015169 
-263.579624 1.999976 0.015204 1.999976 0.015204 
-262.951305 1.999976 0.015241 1.999976 0.015241 
-262.322987 1.999976 0.015277 1.999976 0.015277 
-261.694668 1.999976 0.015313 1.999976 0.015313 
-261.066350 1.999976 0.015350 1.999976 0.015350 
-260.438031 1.999976 0.015387 1.999976 0.015387 
-259.809712 1.999976 0.015424 1.999976 0.015424 
-259.181394 1.999976 0.015461 1.999976 0.015461 
-258.553075 1.999976 0.015499 1.999976 0.015499 
-257.924757 1.999976 0.015536 1.999976 0.015536 
-257.296438 1.999976 0.015574 1.999976 0.015574 
-256.668120 1.999976 0.015612 1.999976 0.015612 
-256.039801 1.999976 0.015650 1.999976 0.015650 
-255.411483 1.999976 0.015688 1.999976 0.015688 
-254.783164 1.999976 0.015727 1.999976 0.015727 
-254.154846 1.999976 0.015765 1.999976 0.015765 
-253.526527 1.999976 0.015804 1.999976 0.015804 
-252.898209 1.999976 0.015843 1.999976 0.015843 
-252.269890 1.999976 0.015883 1.999976 0.015883 
-251.641572 1.999976 0.015922 1.999976 0.015922 
-251.013253 1.999976 0.015962 1.999976 0.015962 
-250.384934 1.999976 0.016002 1.999976 0.016002 
-249.756616 1.999976 0.016042 1.999976 0.016042 
-249.128297 1.999976 0.016082 1.999976 0.016082 
-248.499979 1.999976 0.016122 1.999976 0.016122 
-247.871660 1.999976 0.016163 1.999976 0.016163 
-247.243342 1.999976 0.016204 1.999976 0.016204 
-246.615023 1.999976 0.016245 1.999976 0.016245 
-245.986705 1.999976 0.016286 1.999976 0.016286 
-245.358386 1.999976 0.016328 1.999976 0.016328 
-244.730068 1.999976 0.016370 1.999976 0.016370 
-244.101749 1.999976 0.016412 1.999976 0.016412 
-243.473431 1.999976 0.016454 1.999976 0.016454 
-242.845112 1.999976 0.016496 1.999976 0.016496 
-242.216794 1.999976 0.016539 1.999976 0.016539 
-241.588475 1.999976 0.016581 1.999976 0.016581 
-240.960157 1.999976 0.016625 1.999976 0.016625 
-240.331838 1.999976 0.016668 1.999976 0.016668 
-239.703519 1.999976 0.016711 1.999976 0.016711 
-239.075201 1.999976 0.016755 1.999976 0.016755 
-238.446882 1.999976 0.016799 1.999976 0.016799 
-237.818564 1.999976 0.016843 1.999976 0.016843 
-237.190245 1.999976 0.016888 1.999976 0.016888 
-236.561927 1.999976 0.016932 1.999976 0.016932 
-235.933608 1.999976 0.016977 1.999976 0.016977 
-235.305290 1.999976 0.017022 1.999976 0.017022 
-234.676971 1.999976 0.017068 1.999976 0.017068 
-234.048653 1.999976 0.017113 1.999976 0.017113 
-233.420334 1.999976 0.017159 1.999976 0.017159 
-232.792016 1.999976 0.017205 1.999976 0.017205 
-232.163697 1.999976 0.017252 1.999976 0.017252 
-231.535379 1.999976 0.017298 1.999976 0.017298 
-230.907060 1.999976 0.017345 1.999976 0.017345 
-230.278742 1.999976 0.017392 1.999976 0.017392 
-229.650423 1.999976 0.017440 1.999976 0.017440 
-229.022104 1.999976 0.017487 1.999976 0.017487 
-228.393786 1.999976 0.017535 1.999976 0.017535 
-227.765467 1.999976 0.017583 1.999976 0.017583 
-227.137149 1.999976 0.017632 1.999976 0.017632 
-226.508830 1.999976 0.017680 1.999976 0.017680 
-225.880512 1.999976 0.017729 1.999976 0.017729 
-225.252193 1.999976 0.017779 1.999976 0.017779 
-224.623875 1.999976 0.017828 1.999976 0.017828 
-223.995556 1.999976 0.017878 1.999976 0.017878 
-223.367238 1.999976 0.017928 1.999976 0.017928 
-222.738919 1.999976 0.017978 1.999976 0.017978 
-222.110601 1.999976 0.018029 1.999976 0.018029 
-221.482282 1.999976 0.018080 1.999976 0.018080 
-220.853964 1.999976 0.018131 1.999976 0.018131 
-220.225645 1.999976 0.018183 1.999976 0.018183 
-219.597326 1.999976 0.018234 1.999976 0.018234 
-218.969008 1.999976 0.018287 1.999976 0.018287 
-218.340689 1.999976 0.018339 1.999976 0.018339 
-217.712371 1.999976 0.018392 1.999976 0.018392 
-217.084052 1.999976 0.018445 1.999976 0.018445 
-216.455734 1.999976 0.018498 1.999976 0.018498 
-215.827415 1.999976 0.018552 1.999976 0.018552 
-215.199097 1.999976 0.018606 1.999976 0.018606 
-214.570778 1.999976 0.018660 1.999976 0.018660 
-213.942460 1.999976 0.018714 1.999976 0.018714 
-213.314141 1.999976 0.018769 1.999976 0.018769 
-212.685823 1.999976 0.018825 1.999976 0.018825 
-212.057504 1.999976 0.018880 1.999976 0.018880 
-211.429186 1.999976 0.018936 1.999976 0.018936 
-210.800867 1.999976 0.018992 1.999976 0.018992 
-210.172549 1.999976 0.019049 1.999976 0.019049 
-209.544230 1.999976 0.019106 1.999976 0.019106 
-208.915911 1.999976 0.019163 1.999976 0.019163 
-208.287593 1.999976 0.019220 1.999976 0.019220 
-207.659274 1.999976 0.019278 1.999976 0.019278 
-207.030956 1.999976 0.019337 1.999976 0.019337 
-206.402637 1.999976 0.019395 1.999976 0.019395 
-205.774319 1.999976 0.019454 1.999976 0.019454 
-205.146000 1.999976 0.019514 1.999976 0.019514 
-204.517682 1.999976 0.019573 1.999976 0.019573 
-203.889363 1.999976 0.019633 1.999976 0.019633 
-203.261045 1.999976 0.019694 1.999976 0.019694 
-202.632726 1.999976 0.019755 1.999976 0.019755 
-202.004408 1.999976 0.019816 1.999976 0.019816 
-201.376089 1.999976 0.019878 1.999976 0.019878 
-200.747771 1.999976 0.019940 1.999976 0.019940 
-200.119452 1.999976 0.020002 1.999976 0.020002 
-199.491134 1.999976 0.020065 1.999976 0.020065 
-198.862815 1.999976 0.020128 1.999976 0.020128 
-198.234496 1.999976 0.020191 1.999976 0.020191 
-197.606178 1.999976 0.020255 1.999976 0.020255 
-196.977859 1.999976 0.020320 1.999976 0.020320 
-196.349541 1.999976 0.020385 1.999976 0.020385 
-195.721222 1.999976 0.020450 1.999976 0.020450 
-195.092904 1.999976 0.020515 1.999976 0.020515 
-194.464585 1.999976 0.020581 1.999976 0.020581 
-193.836267 1.999976 0.020648 1.999976 0.020648 
-193.207948 1.999976 0.020715 1.999976 0.020715 
-192.579630 1.999976 0.020782 1.999976 0.020782 
-191.951311 1.999976 0.020850 1.999976 0.020850 
-191.322993 1.999976 0.020918 1.999976 0.020918 
-190.694674 1.999976 0.020987 1.999976 0.020987 
-190.066356 1.999976 0.021056 1.999976 0.021056 
-189.438037 1.999976 0.021125 1.999976 0.021125 
-188.809718 1.999976 0.021195 1.999976 0.021195 
-188.181400 1.999976 0.021266 1.999976 0.021266 
-187.553081 1.999976 0.021337 1.999976 0.021337 
-186.924763 1.999976 0.021408 1.999976 0.021408 
-186.296444 1.999976 0.021480 1.999976 0.021480 
-185.668126 1.999976 0.021553 1.999976 0.021553 
-185.039807 1.999976 0.021626 1.999976 0.021626 
-184.411489 1.999976 0.021699 1.999976 0.021699 
-183.783170 1.999976 0.021773 1.999976 0.021773 
-183.154852 1.999976 0.021847 1.999976 0.021847 
-182.526533 1.999976 0.021922 1.999976 0.021922 
-181.898215 1.999976 0.021998 1.999976 0.021998 
-181.269896 1.999976 0.022074 1.999976 0.022074 
-180.641578 1.999976 0.022150 1.999976 0.022150 
-180.013259 1.999976 0.022227 1.999976 0.022227 
-179.384941 1.999976 0.022305 1.999976 0.022305 
-178.756622 1.999976 0.022383 1.999976 0.022383 
-178.128303 1.999976 0.022462 1.999976 0.022462 
-177.499985 1.999976 0.022541 1.999976 0.022541 
-176.871666 1.999976 0.022621 1.999976 0.022621 
-176.243348 1.999976 0.022701 1.999976 0.022701 
-175.615029 1.999976 0.022782 1.999976 0.022782 
-174.986711 1.999976 0.022864 1.999976 0.022864 
-174.358392 1.999976 0.022946 1.999976 0.022946 
-173.730074 1.999976 0.023028 1.999976 0.023028 
-173.101755 1.999976 0.023112 1.999976 0.023112 
-172.473437 1.999976 0.023196 1.999976 0.023196 
-171.845118 1.999976 0.023280 1.999976 0.023280 
-171.216800 1.999976 0.023365 1.999976 0.023365 
-170.588481 1.999976 0.023451 1.999976 0.023451 
-169.960163 1.999976 0.023537 1.999976 0.023537 
-169.331844 1.999976 0.023624 1.999976 0.023624 
-168.703525 1.999976 0.023712 1.999976 0.023712 
-168.075207 1.999976 0.023800 1.999976 0.023800 
-167.446888 1.999976 0.023889 1.999976 0.023889 
-166.818570 1.999976 0.023979 1.999976 0.023979 
-166.190251 1.999976 0.024069 1.999976 0.024069 
-165.561933 1.999976 0.024160 1.999976 0.024160 
-164.933614 1.999976 0.024252 1.999976 0.024252 
-164.305296 1.999976 0.024345 1.999976 0.024345 
-163.676977 1.999976 0.024438 1.999976 0.024438 
-163.048659 1.999976 0.024531 1.999976 0.024531 
-162.420340 1.999976 0.024626 1.999976 0.024626 
-161.792022 1.999976 0.024721 1.999976 0.024721 
-161.163703 1.999976 0.024817 1.999976 0.024817 
-160.535385 1.999976 0.024914 1.999976 0.024914 
-159.907066 1.999976 0.025012 1.999976 0.025012 
-159.278748 1.999976 0.025110 1.999976 0.025110 
-158.650429 1.999976 0.025209 1.999976 0.025209 
-158.022110 1.999976 0.025309 1.999976 0.025309 
-157.393792 1.999976 0.025410 1.999976 0.025410 
-156.765473 1.999976 0.025511 1.999976 0.025511 
-156.137155 1.999976 0.025613 1.999976 0.025613 
-155.508836 1.999976 0.025717 1.999976 0.025717 
-154.880518 1.999976 0.025821 1.999976 0.025821 
-154.252199 1.999976 0.025925 1.999976 0.025925 
-153.623881 1.999976 0.026031 1.999976 0.026031 
-152.995562 1.999976 0.026138 1.999976 0.026138 
-152.367244 1.999976 0.026245 1.999976 0.026245 
-151.738925 1.999976 0.026353 1.999976 0.026353 
-151.110607 1.999976 0.026462 1.999976 0.026462 
-150.482288 1.999976 0.026572 1.999976 0.026572 
-149.853970 1.999976 0.026683 1.999976 0.026683 
-149.225651 1.999976 0.026795 1.999976 0.026795 
-148.597333 1.999976 0.026908 1.999976 0.026908 
-147.969014 1.999976 0.027022 1.999976 0.027022 
-147.340695 1.999976 0.027137 1.999976 0.027137 
-146.712377 1.999976 0.027253 1.999976 0.027253 
-146.084058 1.999976 0.027370 1.999976 0.027370 
-145.455740 1.999976 0.027487 1.999976 0.027487 
-144.827421 1.999976 0.027606 1.999976 0.027606 
-144.199103 1.999976 0.027726 1.999976 0.027726 
-143.570784 1.999976 0.027847 1.999976 0.027847 
-142.942466 1.999976 0.027969 1.999976 0.027969 
-142.314147 1.999976 0.028092 1.999976 0.028092 
-141.685829 1.999976 0.028216 1.999976 0.028216 
-141.057510 1.999976 0.028341 1.999976 0.028341 
-140.429192 1.999976 0.028468 1.999976 0.028468 
-139.800873 1.999976 0.028595 1.999976 0.028595 
-139.172555 1.999976 0.028724 1.999976 0.028724 
-138.544236 1.999976 0.028853 1.999976 0.028853 
-137.915917 1.999976 0.028984 1.999976 0.028984 
-137.287599 1.999976 0.029117 1.999976 0.029117 
-136.659280 1.999976 0.029250 1.999976 0.029250 
-136.030962 1.999976 0.029385 1.999976 0.029385 
-135.402643 1.999976 0.029520 1.999976 0.029520 
-134.774325 1.999976 0.029657 1.999976 0.029657 
-134.146006 1.999976 0.029796 1.999976 0.029796 
-133.517688 1.999976 0.029936 1.999976 0.029936 
-132.889369 1.999976 0.030077 1.999976 0.030077 
-132.261051 1.999976 0.030219 1.999976 0.030219 
-131.632732 1.999976 0.030363 1.999976 0.030363 
-131.004414 1.999976 0.030508 1.999976 0.030508 
-130.376095 1.999976 0.030654 1.999976 0.030654 
-129.747777 1.999976 0.030802 1.999976 0.030802 
-129.119458 1.999976 0.030951 1.999976 0.030951 
-128.491140 1.999976 0.031102 1.999976 0.031102 
-127.862821 1.999976 0.031254 1.999976 0.031254 
-127.234502 1.999976 0.031408 1.999976 0.031408 
-126.606184 1.999976 0.031563 1.999976 0.031563 
-125.977865 1.999976 0.031720 1.999976 0.031720 
-125.349547 1.999976 0.031878 1.999976 0.031878 
-124.721228 1.999976 0.032038 1.999976 0.032038 
-124.092910 1.999976 0.032200 1.999976 0.032200 
-123.464591 1.999976 0.032363 1.999976 0.032363 
-122.836273 1.999976 0.032528 1.999976 0.032528 
-122.207954 1.999976 0.032694 1.999976 0.032694 
-121.579636 1.999976 0.032863 1.999976 0.032863 
-120.951317 1.999976 0.033033 1.999976 0.033033 
-120.322999 1.999976 0.033204 1.999976 0.033204 
-119.694680 1.999976 0.033378 1.999976 0.033378 
-119.066362 1.999976 0.033553 1.999976 0.033553 
-118.438043 1.999976 0.033731 1.999976 0.033731 
-117.809725 1.999976 0.033910 1.999976 0.033910 
-117.181406 1.999976 0.034091 1.999976 0.034091 
-116.553087 1.999976 0.034274 1.999976 0.034274 
-115.924769 1.999976 0.034459 1.999976 0.034459 
-115.296450 1.999976 0.034646 1.999976 0.034646 
-114.668132 1.999976 0.034835 1.999976 0.034835 
-114.039813 1.999976 0.035026 1.999976 0.035026 
-113.411495 1.999976 0.035219 1.999976 0.035219 
-112.783176 1.999976 0.035414 1.999976 0.035414 
-112.154858 1.999976 0.035612 1.999976 0.035612 
-111.526539 1.999976 0.035811 1.999976 0.035811 
-110.898221 1.999976 0.036013 1.999976 0.036013 
-110.269902 1.999976 0.036217 1.999976 0.036217 
-109.641584 1.999976 0.036424 1.999976 0.036424 
-109.013265 1.999976 0.036633 1.999976 0.036633 
-108.384947 1.999976 0.036844 1.999976 0.036844 
-107.756628 1.999976 0.037058 1.999976 0.037058 
-107.128309 1.999976 0.037274 1.999976 0.037274 
-106.499991 1.999976 0.037493 1.999976 0.037493 
-105.871672 1.999976 0.037715 1.999976 0.037715 
-105.243354 1.999976 0.037939 1.999976 0.037939 
-104.615035 1.999976 0.038165 1.999976 0.038165 
-103.986717 1.999976 0.038395 1.999976 0.038395 
-103.358398 1.999976 0.038627 1.999976 0.038627 
-102.730080 1.999976 0.038862 1.999976 0.038862 
-102.101761 1.999976 0.039100 1.999976 0.039100 
-101.473443 1.999976 0.039341 1.999976 0.039341 
-100.845124 1.999976 0.039584 1.999976 0.039584 
-100.216806 1.999976 0.039831 1.999976 0.039831 
-99.588487 1.999976 0.040081 1.999976 0.040081 
-98.960169 1.999976 0.040334 1.999976 0.040334 
-98.331850 1.999976 0.040591 1.999976 0.040591 
-97.703532 1.999976 0.040850 1.999976 0.040850 
-97.075213 1.999976 0.041113 1.999976 0.041113 
-96.446894 1.999976 0.041379 1.999976 0.041379 
-95.818576 1.999976 0.041649 1.999976 0.041649 
-95.190257 1.999976 0.041922 1.999976 0.041922 
-94.561939 1.999976 0.042199 1.999976 0.042199 
-93.933620 1.999976 0.042480 1.999976 0.042480 
-93.305302 1.999976 0.042764 1.999976 0.042764 
-92.676983 1.999976 0.043052 1.999976 0.043052 
-92.048665 1.999976 0.043345 1.999976 0.043345 
-91.420346 1.999976 0.043641 1.999976 0.043641 
-90.792028 1.999976 0.043941 1.999976 0.043941 
-90.163709 1.999976 0.044245 1.999976 0.044245 
-89.535391 1.999976 0.044553 1.999976 0.044553 
-88.907072 1.999976 0.044866 1.999976 0.044866 
-88.278754 1.999976 0.045183 1.999976 0.045183 
-87.650435 1.999976 0.045505 1.999976 0.045505 
-87.022117 1.999976 0.045832 1.999976 0.045832 
-86.393798 1.999976 0.046163 1.999976 0.046163 
-85.765479 1.999976 0.046498 1.999976 0.046498 
-85.137161 1.999976 0.046839 1.999976 0.046839 
-84.508842 1.999976 0.047185 1.999976 0.047185 
-83.880524 1.999976 0.047536 1.999976 0.047536 
-83.252205 1.999976 0.047892 1.999976 0.047892 
-82.623887 1.999976 0.048253 1.999976 0.048253 
-81.995568 1.999976 0.048620 1.999976 0.048620 
-81.367250 1.999976 0.048993 1.999976 0.048993 
-80.738931 1.999976 0.049371 1.999976 0.049371 
-80.110613 1.999976 0.049756 1.999976 0.049756 
-79.482294 1.999976 0.050146 1.999976 0.050146 
-78.853976 1.999976 0.050542 1.999976 0.050542 
-78.225657 1.999976 0.050945 1.999976 0.050945 
-77.597339 1.999976 0.051354 1.999976 0.051354 
-76.969020 1.999976 0.051770 1.999976 0.051770 
-76.340701 1.999976 0.052192 1.999976 0.052192 
-75.712383 1.999976 0.052621 1.999976 0.052621 
-75.084064 1.999976 0.053058 1.999976 0.053058 
-74.455746 1.999976 0.053502 1.999976 0.053502 
-73.827427 1.999976 0.053953 1.999976 0.053953 
-73.199109 1.999976 0.054412 1.999976 0.054412 
-72.570790 1.999976 0.054878 1.999976 0.054878 
-71.942472 1.999976 0.055353 1.999976 0.055353 
-71.314153 1.999976 0.055836 1.999976 0.055836 
-70.685835 1.999976 0.056328 1.999976 0.056328 
-70.057516 1.999976 0.056828 1.999976 0.056828 
-69.429198 1.999976 0.057337 1.999976 0.057337 
-68.800879 1.999976 0.057855 1.999976 0.057855 
-68.172561 1.999976 0.058383 1.999976 0.058383 
-67.544242 1.999976 0.058920 1.999976 0.058920 
-66.915924 1.999976 0.059467 1.999976 0.059467 
-66.287605 1.999976 0.060025 1.999976 0.060025 
-65.659286 1.999976 0.060593 1.999976 0.060593 
-65.030968 1.999976 0.061171 1.999976 0.061171 
-64.402649 1.999976 0.061761 1.999976 0.061761 
-63.774331 1.999976 0.062363 1.999976 0.062363 
-63.146012 1.999976 0.062976 1.999976 0.062976 
-62.517694 1.999976 0.063601 1.999976 0.063601 
-61.889375 1.999976 0.064238 1.999976 0.064238 
-61.261057 1.999976 0.064889 1.999976 0.064889 
-60.632738 1.999976 0.065552 1.999976 0.065552 
-60.004420 1.999976 0.066230 1.999976 0.066230 
-59.376101 1.999976 0.066921 1.999976 0.066921 
-58.747783 1.999976 0.067627 1.999976 0.067627 
-58.119464 1.999976 0.068347 1.999976 0.068347 
-57.491146 1.999976 0.069084 1.999976 0.069084 
-56.862827 1.999976 0.069836 1.999976 0.069836 
-56.234508 1.999976 0.070604 1.999976 0.070604 
-55.606190 1.999976 0.071390 1.999976 0.071390 
-54.977871 1.999976 0.072193 1.999976 0.072193 
-54.349553 1.999976 0.073014 1.999976 0.073014 
-53.721234 1.999976 0.073854 1.999976 0.073854 
-53.092916 1.999976 0.074713 1.999976 0.074713 
-52.464597 1.999976 0.075593 1.999976 0.075593 
-51.836279 1.999976 0.076493 1.999976 0.076493 
-51.207960 1.999976 0.077414 1.999976 0.077414 
-50.579642 1.999976 0.078358 1.999976 0.078358 
-49.951323 1.999976 0.079325 1.999976 0.079325 
-49.323005 1.999976 0.080316 1.999976 0.080316 
-48.694686 1.999976 0.081332 1.999976 0.081332 
-48.066368 1.999976 0.082374 1.999976 0.082374 
-47.438049 1.999976 0.083442 1.999976 0.083442 
-46.809731 1.999976 0.084538 1.999976 0.084538 
-46.181412 1.999976 0.085663 1.999976 0.085663 
-45.553093 1.999976 0.086818 1.999976 0.086818 
-44.924775 1.999976 0.088004 1.999976 0.088004 
-44.296456 1.999976 0.089222 1.999976 0.089222 
-43.668138 1.999976 0.090475 1.999976 0.090475 
-43.039819 1.999976 0.091762 1.999976 0.091762 
-42.411501 1.999976 0.093086 1.999976 0.093086 
-41.783182 1.999976 0.094449 1.999976 0.094449 
-41.154864 1.999976 0.095851 1.999976 0.095851 
-40.526545 1.999976 0.097296 1.999976 0.097296 
-39.898227 1.999976 0.098783 1.999976 0.098783 
-39.269908 1.999976 0.100316 1.999976 0.100316 
-38.641590 1.999976 0.101897 1.999976 0.101897 
-38.013271 1.999976 0.103527 1.999976 0.103527 
-37.384953 1.999976 0.105210 1.999976 0.105210 
-36.756634 1.999976 0.106947 1.999976 0.106947 
-36.128316 1.999976 0.108742 1.999976 0.108742 
-35.499997 1.999976 0.110596 1.999976 0.110596 
-34.871678 1.999976 0.112514 1.999976 0.112514 
-34.243360 1.999976 0.114498 1.999976 0.114498 
-33.615041 1.999976 0.116552 1.999976 0.116552 
-32.986723 1.999976 0.118679 1.999976 0.118679 
-32.358404 1.999976 0.120883 1.999976 0.120883 
-31.730086 1.999976 0.123169 1.999976 0.123169 
-31.101767 1.999976 0.125541 1.999976 0.125541 
-30.473449 1.999976 0.128004 1.999976 0.128004 
-29.845130 1.999976 0.130563 1.999976 0.130563 
-29.216812 1.999976 0.133223 1.999976 0.133223 
-28.588493 1.999976 0.135990 1.999976 0.135990 
-27.960175 1.999976 0.138872 1.999976 0.138872 
-27.331856 1.999976 0.141874 1.999976 0.141874 
-26.703538 1.999976 0.145004 1.999976 0.145004 
-26.075219 1.999976 0.148271 1.999976 0.148271 
-25.446900 1.999976 0.151683 1.999976 0.151683 
-24.818582 1.999976 0.155250 1.999976 0.155250 
-24.190263 1.999976 0.158981 1.999976 0.158981 
-23.561945 1.999976 0.162888 1.999976 0.162888 
-22.933626 1.999976 0.166984 1.999976 0.166984 
-22.305308 1.999976 0.171280 1.999975 0.171280 
-21.676989 1.999975 0.175792 1.999975 0.175792 
-21.048671 1.999975 0.180536 1.999975 0.180536 
-20.420352 1.999975 0.185527 1.999975 0.185527 
-19.792034 1.999975 0.190785 1.999975 0.190785 
-19.163715 1.999975 0.196331 1.999975 0.196331 
-18.535397 1.999975 0.202186 1.999975 0.202186 
-17.907078 1.999975 0.208374 1.999975 0.208374 
-17.278760 1.999975 0.214922 1.999975 0.214922 
-16.650441 1.999975 0.221859 1.999975 0.221859 
-16.022123 1.999975 0.229216 1.999975 0.229216 
-15.393804 1.999975 0.237028 1.999975 0.237028 
-14.765485 1.999975 0.245332 1.999975 0.245332 
-14.137167 1.999975 0.254167 1.999975 0.254167 
-13.508848 1.999975 0.263576 1.999975 0.263576 
-12.880530 1.999974 0.273606 1.999974 0.273606 
-12.252211 1.999974 0.284303 1.999974 0.284303 
-11.623893 1.999974 0.295716 1.999974 0.295716 
-10.995574 1.999974 0.307893 1.999974 0.307893 
-10.367256 1.999973 0.320878 1.999973 0.320878 
-9.738937 1.999973 0.334708 1.999973 0.334708 
-9.110619 1.999972 0.349405 1.999972 0.349405 
-8.482300 1.999971 0.364967 1.999971 0.364967 
-7.853982 1.999970 0.381352 1.999970 0.381352 
-7.225663 1.999969 0.398450 1.999969 0.398450 
-6.597345 1.999968 0.416056 1.999968 0.416056 
-5.969026 1.999966 0.433805 1.999966 0.433805 
-5.340708 1.999963 0.451099 1.999963 0.451099 
-4.712389 1.999960 0.466991 1.999960 0.466991 
-4.084070 1.999956 0.480024 1.999956 0.480024 
-3.455752 1.999952 0.488054 1.999952 0.488054 
-2.827433 1.999947 0.488099 1.999947 0.488099 
-2.199115 1.999942 0.476359 1.999942 0.476359 
-1.570796 1.999941 0.447938 1.999941 0.447938 
-0.942478 1.999953 0.389436 1.999953 0.389436 
-0.314159 1.999990 0.224602 1.999990 0.224602 
0.314159 1.999990 -0.224602 1.999990 -0.224602 
0.942478 1.999953 -0.389436 1.999953 -0.389436 
1.570796 1.999941 -0.447938 1.999941 -0.447938 
2.199115 1.999942 -0.476359 1.999942 -0.476359 
2.827433 1.999947 -0.488099 1.999947 -0.488099 
3.455752 1.999952 -0.488054 1.999952 -0.488054 
4.084070 1.999956 -0.480024 1.999956 -0.480024 
4.712389 1.999960 -0.466991 1.999960 -0.466991 
5.340708 1.999963 -0.451099 1.999963 -0.451099 
5.969026 1.999966 -0.433805 1.999966 -0.433805 
6.597345 1.999968 -0.416056 1.999968 -0.416056 
7.225663 1.999969 -0.398450 1.999969 -0.398450 
7.853982 1.999970 -0.381352 1.999970 -0.381352 
8.482300 1.999971 -0.364967 1.999971 -0.364967 
9.110619 1.999972 -0.349405 1.999972 -0.349405 
9.738937 1.999973 -0.334708 1.999973 -0.334708 
10.367256 1.999973 -0.320878 1.999973 -0.320878 
10.995574 1.999974 -0.307893 1.999974 -0.307893 
11.623893 1.999974 -0.295716 1.999974 -0.295716 
12.252211 1.999974 -0.284303 1.999974 -0.284303 
12.880530 1.999974 -0.273606 1.999974 -0.273606 
13.508848 1.999975 -0.263576 1.999975 -0.263576 
14.137167 1.999975 -0.254167 1.999975 -0.254167 
14.765485 1.999975 -0.245332 1.999975 -0.245332 
15.393804 1.999975 -0.237028 1.999975 -0.237028 
16.022123 1.999975 -0.229216 1.999975 -0.229216 
16.650441 1.999975 -0.221859 1.999975 -0.221859 
17.278760 1.999975 -0.214922 1.999975 -0.214922 
17.907078 1.999975 -0.208374 1.999975 -0.208374 
18.535397 1.999975 -0.202186 1.999975 -0.202186 
19.163715 1.999975 -0.196331 1.999975 -0.196331 
19.792034 1.999975 -0.190785 1.999975 -0.190785 
20.420352 1.999975 -0.185527 1.999975 -0.185527 
21.048671 1.999975 -0.180536 1.999975 -0.180536 
21.676989 1.999975 -0.175792 1.999975 -0.175792 
22.305308 1.999976 -0.171280 1.999975 -0.171280 
22.933626 1.999976 -0.166984 1.999976 -0.166984 
23.561945 1.999976 -0.162888 1.999976 -0.162888 
24.190263 1.999976 -0.158981 1.999976 -0.158981 
24.818582 1.999976 -0.155250 1.999976 -0.155250 
25.446900 1.999976 -0.151683 1.999976 -0.151683 
26.075219 1.999976 -0.148271 1.999976 -0.148271 
26.703538 1.999976 -0.145004 1.999976 -0.145004 
27.331856 1.999976 -0.141874 1.999976 -0.141874 
27.960175 1.999976 -0.138872 1.999976 -0.138872 
28.588493 1.999976 -0.135990 1.999976 -0.135990 
29.216812 1.999976 -0.133223 1.999976 -0.133223 
29.845130 1.999976 -0.130563 1.999976 -0.130563 
30.473449 1.999976 -0.128004 1.999976 -0.128004 
31.101767 1.999976 -0.125541 1.999976 -0.125541 
31.730086 1.999976 -0.123169 1.999976 -0.123169 
32.358404 1.999976 -0.120883 1.999976 -0.120883 
32.986723 1.999976 -0.118679 1.999976 -0.118679 
33.615041 1.999976 -0.116552 1.999976 -0.116552 
34.243360 1.999976 -0.114498 1.999976 -0.114498 
34.871678 1.999976 -0.112514 1.999976 -0.112514 
35.499997 1.999976 -0.110596 1.999976 -0.110596 
36.128316 1.999976 -0.108742 1.999976 -0.108742 
36.756634 1.999976 -0.106947 1.999976 -0.106947 
37.384953 1.999976 -0.105210 1.999976 -0.105210 
38.013271 1.999976 -0.103527 1.999976 -0.103527 
38.641590 1.999976 -0.101897 1.999976 -0.101897 
39.269908 1.999976 -0.100316 1.999976 -0.100316 
39.898227 1.999976 -0.098783 1.999976 -0.098783 
40.526545 1.999976 -0.097296 1.999976 -0.097296 
41.154864 1.999976 -0.095851 1.999976 -0.095851 
41.783182 1.999976 -0.094449 1.999976 -0.094449 
42.411501 1.999976 -0.093086 1.999976 -0.093086 
43.039819 1.999976 -0.091762 1.999976 -0.091762 
43.668138 1.999976 -0.090475 1.999976 -0.090475 
44.296456 1.999976 -0.089222 1.999976 -0.089222 
44.924775 1.999976 -0.088004 1.999976 -0.088004 
45.553093 1.999976 -0.086818 1.999976 -0.086818 
46.181412 1.999976 -0.085663 1.999976 -0.085663 
46.809731 1.999976 -0.084538 1.999976 -0.084538 
47.438049 1.999976 -0.083442 1.999976 -0.083442 
48.066368 1.999976 -0.082374 1.999976 -0.082374 
48.694686 1.999976 -0.081332 1.999976 -0.081332 
49.323005 1.999976 -0.080316 1.999976 -0.080316 
49.951323 1.999976 -0.079325 1.999976 -0.079325 
50.579642 1.999976 -0.078358 1.999976 -0.078358 
51.207960 1.999976 -0.077414 1.999976 -0.077414 
51.836279 1.999976 -0.076493 1.999976 -0.076493 
52.464597 1.999976 -0.075593 1.999976 -0.075593 
53.092916 1.999976 -0.074713 1.999976 -0.074713 
53.721234 1.999976 -0.073854 1.999976 -0.073854 
54.349553 1.999976 -0.073014 1.999976 -0.073014 
54.977871 1.999976 -0.072193 1.999976 -0.072193 
55.606190 1.999976 -0.071390 1.999976 -0.071390 
56.234508 1.999976 -0.070604 1.999976 -0.070604 
56.862827 1.999976 -0.069836 1.999976 -0.069836 
57.491146 1.999976 -0.069084 1.999976 -0.069084 
58.119464 1.999976 -0.068347 1.999976 -0.068347 
58.747783 1.999976 -0.067627 1.999976 -0.067627 
59.376101 1.999976 -0.066921 1.999976 -0.066921 
60.004420 1.999976 -0.066230 1.999976 -0.066230 
60.632738 1.999976 -0.065552 1.999976 -0.065552 
61.261057 1.999976 -0.064889 1.999976 -0.064889 
61.889375 1.999976 -0.064238 1.999976 -0.064238 
62.517694 1.999976 -0.063601 1.999976 -0.063601 
63.146012 1.999976 -0.062976 1.999976 -0.062976 
63.774331 1.999976 -0.062363 1.999976 -0.062363 
64.402649 1.999976 -0.061761 1.999976 -0.061761 
65.030968 1.999976 -0.061171 1.999976 -0.061171 
65.659286 1.999976 -0.060593 1.999976 -0.060593 
66.287605 1.999976 -0.060025 1.999976 -0.060025 
66.915924 1.999976 -0.059467 1.999976 -0.059467 
67.544242 1.999976 -0.058920 1.999976 -0.058920 
68.172561 1.999976 -0.058383 1.999976 -0.058383 
68.800879 1.999976 -0.057855 1.999976 -0.057855 
69.429198 1.999976 -0.057337 1.999976 -0.057337 
70.057516 1.999976 -0.056828 1.999976 -0.056828 
70.685835 1.999976 -0.056328 1.999976 -0.056328 
71.314153 1.999976 -0.055836 1.999976 -0.055836 
71.942472 1.999976 -0.055353 1.999976 -0.055353 
72.570790 1.999976 -0.054878 1.999976 -0.054878 
73.199109 1.999976 -0.054412 1.999976 -0.054412 
73.827427 1.999976 -0.053953 1.999976 -0.053953 
74.455746 1.999976 -0.053502 1.999976 -0.053502 
75.084064 1.999976 -0.053058 1.999976 -0.053058 
75.712383 1.999976 -0.052621 1.999976 -0.052621 
76.340701 1.999976 -0.052192 1.999976 -0.052192 
76.969020 1.999976 -0.051770 1.999976 -0.051770 
77.597339 1.999976 -0.051354 1.999976 -0.051354 
78.225657 1.999976 -0.050945 1.999976 -0.050945 
78.853976 1.999976 -0.050542 1.999976 -0.050542 
79.482294 1.999976 -0.050146 1.999976 -0.050146 
80.110613 1.999976 -0.049756 1.999976 -0.049756 
80.738931 1.999976 -0.049371 1.999976 -0.049371 
81.367250 1.999976 -0.048993 1.999976 -0.048993 
81.995568 1.999976 -0.048620 1.999976 -0.048620 
82.623887 1.999976 -0.048253 1.999976 -0.048253 
83.252205 1.999976 -0.047892 1.999976 -0.047892 
83.880524 1.999976 -0.047536 1.999976 -0.047536 
84.508842 1.999976 -0.047185 1.999976 -0.047185 
85.137161 1.999976 -0.046839 1.999976 -0.046839 
85.765479 1.999976 -0.046498 1.999976 -0.046498 
86.393798 1.999976 -0.046163 1.999976 -0.046163 
87.022117 1.999976 -0.045832 1.999976 -0.045832 
87.650435 1.999976 -0.045505 1.999976 -0.045505 
88.278754 1.999976 -0.045183 1.999976 -0.045183 
88.907072 1.999976 -0.044866 1.999976 -0.044866 
89.535391 1.999976 -0.044553 1.999976 -0.044553 
90.163709 1.999976 -0.044245 1.999976 -0.044245 
90.792028 1.999976 -0.043941 1.999976 -0.043941 
91.420346 1.999976 -0.043641 1.999976 -0.043641 
92.048665 1.999976 -0.043345 1.999976 -0.043345 
92.676983 1.999976 -0.043052 1.999976 -0.043052 
93.305302 1.999976 -0.042764 1.999976 -0.042764 
93.933620 1.999976 -0.042480 1.999976 -0.042480 
94.561939 1.999976 -0.042199 1.999976 -0.042199 
95.190257 1.999976 -0.041922 1.999976 -0.041922 
95.818576 1.999976 -0.041649 1.999976 -0.041649 
96.446894 1.999976 -0.041379 1.999976 -0.041379 
97.075213 1.999976 -0.041113 1.999976 -0.041113 
97.703532 1.999976 -0.040850 1.999976 -0.040850 
98.331850 1.999976 -0.040591 1.999976 -0.040591 
98.960169 1.999976 -0.040334 1.999976 -0.040334 
99.588487 1.999976 -0.040081 1.999976 -0.040081 
100.216806 1.999976 -0.039831 1.999976 -0.039831 
100.845124 1.999976 -0.039584 1.999976 -0.039584 
101.473443 1.999976 -0.039341 1.999976 -0.039341 
102.101761 1.999976 -0.039100 1.999976 -0.039100 
102.730080 1.999976 -0.038862 1.999976 -0.038862 
103.358398 1.999976 -0.038627 1.999976 -0.038627 
103.986717 1.999976 -0.038395 1.999976 -0.038395 
104.615035 1.999976 -0.038165 1.999976 -0.038165 
105.243354 1.999976 -0.037939 1.999976 -0.037939 
105.871672 1.999976 -0.037715 1.999976 -0.037715 
106.499991 1.999976 -0.037493 1.999976 -0.037493 
107.128309 1.999976 -0.037274 1.999976 -0.037274 
107.756628 1.999976 -0.037058 1.999976 -0.037058 
108.384947 1.999976 -0.036844 1.999976 -0.036844 
109.013265 1.999976 -0.036633 1.999976 -0.036633 
109.641584 1.999976 -0.036424 1.999976 -0.036424 
110.269902 1.999976 -0.036217 1.999976 -0.036217 
110.898221 1.999976 -0.036013 1.999976 -0.036013 
111.526539 1.999976 -0.035811 1.999976 -0.035811 
112.154858 1.999976 -0.035612 1.999976 -0.035612 
112.783176 1.999976 -0.035414 1.999976 -0.035414 
113.411495 1.999976 -0.035219 1.999976 -0.035219 
114.039813 1.999976 -0.035026 1.999976 -0.035026 
114.668132 1.999976 -0.034835 1.999976 -0.034835 
115.296450 1.999976 -0.034646 1.999976 -0.034646 
115.924769 1.999976 -0.034459 1.999976 -0.034459 
116.553087 1.999976 -0.034274 1.999976 -0.034274 
117.181406 1.999976 -0.034091 1.999976 -0.034091 
117.809725 1.999976 -0.033910 1.999976 -0.033910 
118.438043 1.999976 -0.033731 1.999976 -0.033731 
119.066362 1.999976 -0.033553 1.999976 -0.033553 
119.694680 1.999976 -0.033378 1.999976 -0.033378 
120.322999 1.999976 -0.033204 1.999976 -0.033204 
120.951317 1.999976 -0.033033 1.999976 -0.033033 
121.579636 1.999976 -0.032863 1.999976 -0.032863 
122.207954 1.999976 -0.032694 1.999976 -0.032694 
122.836273 1.999976 -0.032528 1.999976 -0.032528 
123.464591 1.999976 -0.032363 1.999976 -0.032363 
124.092910 1.999976 -0.032200 1.999976 -0.032200 
124.721228 1.999976 -0.032038 1.999976 -0.032038 
125.349547 1.999976 -0.031878 1.999976 -0.031878 
125.977865 1.999976 -0.031720 1.999976 -0.031720 
126.606184 1.999976 -0.031563 1.999976 -0.031563 
127.234502 1.999976 -0.031408 1.999976 -0.031408 
127.862821 1.999976 -0.031254 1.999976 -0.031254 
128.491140 1.999976 -0.031102 1.999976 -0.031102 
129.119458 1.999976 -0.030951 1.999976 -0.030951 
129.747777 1.999976 -0.030802 1.999976 -0.030802 
130.376095 1.999976 -0.030654 1.999976 -0.030654 
131.004414 1.999976 -0.030508 1.999976 -0.030508 
131.632732 1.999976 -0.030363 1.999976 -0.030363 
132.261051 1.999976 -0.030219 1.999976 -0.030219 
132.889369 1.999976 -0.030077 1.999976 -0.030077 
133.517688 1.999976 -0.029936 1.999976 -0.029936 
134.146006 1.999976 -0.029796 1.999976 -0.029796 
134.774325 1.999976 -0.029657 1.999976 -0.029657 
135.402643 1.999976 -0.029520 1.999976 -0.029520 
136.030962 1.999976 -0.029385 1.999976 -0.029385 
136.659280 1.999976 -0.029250 1.999976 -0.029250 
137.287599 1.999976 -0.029117 1.999976 -0.029117 
137.915917 1.999976 -0.028984 1.999976 -0.028984 
138.544236 1.999976 -0.028853 1.999976 -0.028853 
139.172555 1.999976 -0.028724 1.999976 -0.028724 
139.800873 1.999976 -0.028595 1.999976 -0.028595 
140.429192 1.999976 -0.028468 1.999976 -0.028468 
141.057510 1.999976 -0.028341 1.999976 -0.028341 
141.685829 1.999976 -0.028216 1.999976 -0.028216 
142.314147 1.999976 -0.028092 1.999976 -0.028092 
142.942466 1.999976 -0.027969 1.999976 -0.027969 
143.570784 1.999976 -0.027847 1.999976 -0.027847 
144.199103 1.999976 -0.027726 1.999976 -0.027726 
144.827421 1.999976 -0.027606 1.999976 -0.027606 
145.455740 1.999976 -0.027487 1.999976 -0.027487 
146.084058 1.999976 -0.027370 1.999976 -0.027370 
146.712377 1.999976 -0.027253 1.999976 -0.027253 
147.340695 1.999976 -0.027137 1.999976 -0.027137 
147.969014 1.999976 -0.027022 1.999976 -0.027022 
148.597333 1.999976 -0.026908 1.999976 -0.026908 
149.225651 1.999976 -0.026795 1.999976 -0.026795 
149.853970 1.999976 -0.026683 1.999976 -0.026683 
150.482288 1.999976 -0.026572 1.999976 -0.026572 
151.110607 1.999976 -0.026462 1.999976 -0.026462 
151.738925 1.999976 -0.026353 1.999976 -0.026353 
152.367244 1.999976 -0.026245 1.999976 -0.026245 
152.995562 1.999976 -0.026138 1.999976 -0.026138 
153.623881 1.999976 -0.026031 1.999976 -0.026031 
154.252199 1.999976 -0.025925 1.999976 -0.025925 
154.880518 1.999976 -0.025821 1.999976 -0.025821 
155.508836 1.999976 -0.025717 1.999976 -0.025717 
156.137155 1.999976 -0.025613 1.999976 -0.025613 
156.765473 1.999976 -0.025511 1.999976 -0.025511 
157.393792 1.999976 -0.025410 1.999976 -0.025410 
158.022110 1.999976 -0.025309 1.999976 -0.025309 
158.650429 1.999976 -0.025209 1.999976 -0.025209 
159.278748 1.999976 -0.025110 1.999976 -0.025110 
159.907066 1.999976 -0.025012 1.999976 -0.025012 
160.535385 1.999976 -0.024914 1.999976 -0.024914 
161.163703 1.999976 -0.024817 1.999976 -0.024817 
161.792022 1.999976 -0.024721 1.999976 -0.024721 
162.420340 1.999976 -0.024626 1.999976 -0.024626 
163.048659 1.999976 -0.024531 1.999976 -0.024531 
163.676977 1.999976 -0.024438 1.999976 -0.024438 
164.305296 1.999976 -0.024345 1.999976 -0.024345 
164.933614 1.999976 -0.024252 1.999976 -0.024252 
165.561933 1.999976 -0.024160 1.999976 -0.024160 
166.190251 1.999976 -0.024069 1.999976 -0.024069 
166.818570 1.999976 -0.023979 1.999976 -0.023979 
167.446888 1.999976 -0.023889 1.999976 -0.023889 
168.075207 1.999976 -0.023800 1.999976 -0.023800 
168.703525 1.999976 -0.023712 1.999976 -0.023712 
169.331844 1.999976 -0.023624 1.999976 -0.023624 
169.960163 1.999976 -0.023537 1.999976 -0.023537 
170.588481 1.999976 -0.023451 1.999976 -0.023451 
171.216800 1.999976 -0.023365 1.999976 -0.023365 
171.845118 1.999976 -0.023280 1.999976 -0.023280 
172.473437 1.999976 -0.023196 1.999976 -0.023196 
173.101755 1.999976 -0.023112 1.999976 -0.023112 
173.730074 1.999976 -0.023028 1.999976 -0.023028 
174.358392 1.999976 -0.022946 1.999976 -0.022946 
174.986711 1.999976 -0.022864 1.999976 -0.022864 
175.615029 1.999976 -0.022782 1.999976 -0.022782 
176.243348 1.999976 -0.022701 1.999976 -0.022701 
176.871666 1.999976 -0.022621 1.999976 -0.022621 
177.499985 1.999976 -0.022541 1.999976 -0.022541 
178.128303 1.999976 -0.022462 1.999976 -0.022462 
178.756622 1.999976 -0.022383 1.999976 -0.022383 
179.384941 1.999976 -0.022305 1.999976 -0.022305 
180.013259 1.999976 -0.022227 1.999976 -0.022227 
180.641578 1.999976 -0.022150 1.999976 -0.022150 
181.269896 1.999976 -0.022074 1.999976 -0.022074 
181.898215 1.999976 -0.021998 1.999976 -0.021998 
182.526533 1.999976 -0.021922 1.999976 -0.021922 
183.154852 1.999976 -0.021847 1.999976 -0.021847 
183.783170 1.999976 -0.021773 1.999976 -0.021773 
184.411489 1.999976 -0.021699 1.999976 -0.021699 
185.039807 1.999976 -0.021626 1.999976 -0.021626 
185.668126 1.999976 -0.021553 1.999976 -0.021553 
186.296444 1.999976 -0.021480 1.999976 -0.021480 
186.924763 1.999976 -0.021408 1.999976 -0.021408 
187.553081 1.999976 -0.021337 1.999976 -0.021337 
188.181400 1.999976 -0.021266 1.999976 -0.021266 
188.809718 1.999976 -0.021195 1.999976 -0.021195 
189.438037 1.999976 -0.021125 1.999976 -0.021125 
190.066356 1.999976 -0.021056 1.999976 -0.021056 
190.694674 1.999976 -0.020987 1.999976 -0.020987 
191.322993 1.999976 -0.020918 1.999976 -0.020918 
191.951311 1.999976 -0.020850 1.999976 -0.020850 
192.579630 1.999976 -0.020782 1.999976 -0.020782 
193.207948 1.999976 -0.020715 1.999976 -0.020715 
193.836267 1.999976 -0.020648 1.999976 -0.020648 
194.464585 1.999976 -0.020581 1.999976 -0.020581 
195.092904 1.999976 -0.020515 1.999976 -0.020515 
195.721222 1.999976 -0.020450 1.999976 -0.020450 
196.349541 1.999976 -0.020385 1.999976 -0.020385 
196.977859 1.999976 -0.020320 1.999976 -0.020320 
197.606178 1.999976 -0.020255 1.999976 -0.020255 
198.234496 1.999976 -0.020191 1.999976 -0.020191 
198.862815 1.999976 -0.020128 1.999976 -0.020128 
199.491134 1.999976 -0.020065 1.999976 -0.020065 
200.119452 1.999976 -0.020002 1.999976 -0.020002 
200.747771 1.999976 -0.019940 1.999976 -0.019940 
201.376089 1.999976 -0.019878 1.999976 -0.019878 
202.004408 1.999976 -0.019816 1.999976 -0.019816 
202.632726 1.999976 -0.019755 1.999976 -0.019755 
203.261045 1.999976 -0.019694 1.999976 -0.019694 
203.889363 1.999976 -0.019633 1.999976 -0.019633 
204.517682 1.999976 -0.019573 1.999976 -0.019573 
205.146000 1.999976 -0.019514 1.999976 -0.019514 
205.774319 1.999976 -0.019454 1.999976 -0.019454 
206.402637 1.999976 -0.019395 1.999976 -0.019395 
207.030956 1.999976 -0.019337 1.999976 -0.019337 
207.659274 1.999976 -0.019278 1.999976 -0.019278 
208.287593 1.999976 -0.019220 1.999976 -0.019220 
208.915911 1.999976 -0.019163 1.999976 -0.019163 
209.544230 1.999976 -0.019106 1.999976 -0.019106 
210.172549 1.999976 -0.019049 1.999976 -0.019049 
210.800867 1.999976 -0.018992 1.999976 -0.018992 
211.429186 1.999976 -0.018936 1.999976 -0.018936 
212.057504 1.999976 -0.018880 1.999976 -0.018880 
212.685823 1.999976 -0.018825 1.999976 -0.018825 
213.314141 1.999976 -0.018769 1.999976 -0.018769 
213.942460 1.999976 -0.018714 1.999976 -0.018714 
214.570778 1.999976 -0.018660 1.999976 -0.018660 
215.199097 1.999976 -0.018606 1.999976 -0.018606 
215.827415 1.999976 -0.018552 1.999976 -0.018552 
216.455734 1.999976 -0.018498 1.999976 -0.018498 
217.084052 1.999976 -0.018445 1.999976 -0.018445 
217.712371 1.999976 -0.018392 1.999976 -0.018392 
218.340689 1.999976 -0.018339 1.999976 -0.018339 
218.969008 1.999976 -0.018287 1.999976 -0.018287 
219.597326 1.999976 -0.018234 1.999976 -0.018234 
220.225645 1.999976 -0.018183 1.999976 -0.018183 
220.853964 1.999976 -0.018131 1.999976 -0.018131 
221.482282 1.999976 -0.018080 1.999976 -0.018080 
222.110601 1.999976 -0.018029 1.999976 -0.018029 
222.738919 1.999976 -0.017978 1.999976 -0.017978 
223.367238 1.999976 -0.017928 1.999976 -0.017928 
223.995556 1.999976 -0.017878 1.999976 -0.017878 
224.623875 1.999976 -0.017828 1.999976 -0.017828 
225.252193 1.999976 -0.017779 1.999976 -0.017779 
225.880512 1.999976 -0.017729 1.999976 -0.017729 
226.508830 1.999976 -0.017680 1.999976 -0.017680 
227.137149 1.999976 -0.017632 1.999976 -0.017632 
227.765467 1.999976 -0.017583 1.999976 -0.017583 
228.393786 1.999976 -0.017535 1.999976 -0.017535 
229.022104 1.999976 -0.017487 1.999976 -0.017487 
229.650423 1.999976 -0.017440 1.999976 -0.017440 
230.278742 1.999976 -0.017392 1.999976 -0.017392 
230.907060 1.999976 -0.017345 1.999976 -0.017345 
231.535379 1.999976 -0.017298 1.999976 -0.017298 
232.163697 1.999976 -0.017252 1.999976 -0.017252 
232.792016 1.999976 -0.017205 1.999976 -0.017205 
233.420334 1.999976 -0.017159 1.999976 -0.017159 
234.048653 1.999976 -0.017113 1.999976 -0.017113 
234.676971 1.999976 -0.017068 1.999976 -0.017068 
235.305290 1.999976 -0.017022 1.999976 -0.017022 
235.933608 1.999976 -0.016977 1.999976 -0.016977 
236.561927 1.999976 -0.016932 1.999976 -0.016932 
237.190245 1.999976 -0.016888 1.999976 -0.016888 
237.818564 1.999976 -0.016843 1.999976 -0.016843 
238.446882 1.999976 -0.016799 1.999976 -0.016799 
239.075201 1.999976 -0.016755 1.999976 -0.016755 
239.703519 1.999976 -0.016711 1.999976 -0.016711 
240.331838 1.999976 -0.016668 1.999976 -0.016668 
240.960157 1.999976 -0.016625 1.999976 -0.016625 
241.588475 1.999976 -0.016581 1.999976 -0.016581 
242.216794 1.999976 -0.016539 1.999976 -0.016539 
242.845112 1.999976 -0.016496 1.999976 -0.016496 
243.473431 1.999976 -0.016454 1.999976 -0.016454 
244.101749 1.999976 -0.016412 1.999976 -0.016412 
244.730068 1.999976 -0.016370 1.999976 -0.016370 
245.358386 1.999976 -0.016328 1.999976 -0.016328 
245.986705 1.999976 -0.016286 1.999976 -0.016286 
246.615023 1.999976 -0.016245 1.999976 -0.016245 
247.243342 1.999976 -0.016204 1.999976 -0.016204 
247.871660 1.999976 -0.016163 1.999976 -0.016163 
248.499979 1.999976 -0.016122 1.999976 -0.016122 
249.128297 1.999976 -0.016082 1.999976 -0.016082 
249.756616 1.999976 -0.016042 1.999976 -0.016042 
250.384934 1.999976 -0.016002 1.999976 -0.016002 
251.013253 1.999976 -0.015962 1.999976 -0.015962 
251.641572 1.999976 -0.015922 1.999976 -0.015922 
252.269890 1.999976 -0.015883 1.999976 -0.015883 
252.898209 1.999976 -0.015843 1.999976 -0.015843 
253.526527 1.999976 -0.015804 1.999976 -0.015804 
254.154846 1.999976 -0.015765 1.999976 -0.015765 
254.783164 1.999976 -0.015727 1.999976 -0.015727 
255.411483 1.999976 -0.015688 1.999976 -0.015688 
256.039801 1.999976 -0.015650 1.999976 -0.015650 
256.668120 1.999976 -0.015612 1.999976 -0.015612 
257.296438 1.999976 -0.015574 1.999976 -0.015574 
257.924757 1.999976 -0.015536 1.999976 -0.015536 
258.553075 1.999976 -0.015499 1.999976 -0.015499 
259.181394 1.999976 -0.015461 1.999976 -0.015461 
259.809712 1.999976 -0.015424 1.999976 -0.015424 
260.438031 1.999976 -0.015387 1.999976 -0.015387 
261.066350 1.999976 -0.015350 1.999976 -0.015350 
261.694668 1.999976 -0.015313 1.999976 -0.015313 
262.322987 1.999976 -0.015277 1.999976 -0.015277 
262.951305 1.999976 -0.015241 1.999976 -0.015241 
263.579624 1.999976 -0.015204 1.999976 -0.015204 
264.207942 1.999976 -0.015169 1.999976 -0.015169 
264.836261 1.999976 -0.015133 1.999976 -0.015133 
265.464579 1.999976 -0.015097 1.999976 -0.015097 
266.092898 1.999976 -0.015062 1.999976 -0.015062 
266.721216 1.999976 -0.015026 1.999976 -0.015026 
267.349535 1.999976 -0.014991 1.999976 -0.014991 
267.977853 1.999976 -0.014956 1.999976 -0.014956 
268.606172 1.999976 -0.014921 1.999976 -0.014921 
269.234490 1.999976 -0.014887 1.999976 -0.014887 
269.862809 1.999976 -0.014852 1.999976 -0.014852 
270.491127 1.999976 -0.014818 1.999976 -0.014818 
271.119446 1.999976 -0.014784 1.999976 -0.014784 
271.747765 1.999976 -0.014750 1.999976 -0.014750 
272.376083 1.999976 -0.014716 1.999976 -0.014716 
273.004402 1.999976 -0.014682 1.999976 -0.014682 
273.632720 1.999976 -0.014649 1.999976 -0.014649 
274.261039 1.999976 -0.014615 1.999976 -0.014615 
274.889357 1.999976 -0.014582 1.999976 -0.014582 
275.517676 1.999976 -0.014549 1.999976 -0.014549 
276.145994 1.999976 -0.014516 1.999976 -0.014516 
276.774313 1.999976 -0.014483 1.999976 -0.014483 
277.402631 1.999976 -0.014451 1.999976 -0.014451 
278.030950 1.999976 -0.014418 1.999976 -0.014418 
278.659268 1.999976 -0.014386 1.999976 -0.014386 
279.287587 1.999976 -0.014354 1.999976 -0.014354 
279.915905 1.999976 -0.014322 1.999976 -0.014322 
280.544224 1.999976 -0.014290 1.999976 -0.014290 
281.172542 1.999976 -0.014258 1.999976 -0.014258 
281.800861 1.999976 -0.014227 1.999976 -0.014227 
282.429180 1.999976 -0.014195 1.999976 -0.014195 
283.057498 1.999976 -0.014164 1.999976 -0.014164 
283.685817 1.999976 -0.014133 1.999976 -0.014133 
284.314135 1.999976 -0.014102 1.999976 -0.014102 
284.942454 1.999976 -0.014071 1.999976 -0.014071 
285.570772 1.999976 -0.014040 1.999976 -0.014040 
286.199091 1.999976 -0.014009 1.999976 -0.014009 
286.827409 1.999976 -0.013979 1.999976 -0.013979 
287.455728 1.999976 -0.013948 1.999976 -0.013948 
288.084046 1.999976 -0.013918 1.999976 -0.013918 
288.712365 1.999976 -0.013888 1.999976 -0.013888 
289.340683 1.999976 -0.013858 1.999976 -0.013858 
289.969002 1.999976 -0.013828 1.999976 -0.013828 
290.597320 1.999976 -0.013798 1.999976 -0.013798 
291.225639 1.999976 -0.013769 1.999976 -0.013769 
291.853958 1.999976 -0.013739 1.999976 -0.013739 
292.482276 1.999976 -0.013710 1.999976 -0.013710 
293.110595 1.999976 -0.013681 1.999976 -0.013681 
293.738913 1.999976 -0.013652 1.999976 -0.013652 
294.367232 1.999976 -0.013623 1.999976 -0.013623 
294.995550 1.999976 -0.013594 1.999976 -0.013594 
295.623869 1.999976 -0.013565 1.999976 -0.013565 
296.252187 1.999976 -0.013537 1.999976 -0.013537 
296.880506 1.999976 -0.013508 1.999976 -0.013508 
297.508824 1.999976 -0.013480 1.999976 -0.013480 
298.137143 1.999976 -0.013452 1.999976 -0.013452 
298.765461 1.999976 -0.013423 1.999976 -0.013423 
299.393780 1.999976 -0.013395 1.999976 -0.013395 
300.022098 1.999976 -0.013368 1.999976 -0.013368 
300.650417 1.999976 -0.013340 1.999976 -0.013340 
301.278735 1.999976 -0.013312 1.999976 -0.013312 
301.907054 1.999976 -0.013285 1.999976 -0.013285 
302.535373 1.999976 -0.013257 1.999976 -0.013257 
303.163691 1.999976 -0.013230 1.999976 -0.013230 
303.792010 1.999976 -0.013203 1.999976 -0.013203 
304.420328 1.999976 -0.013176 1.999976 -0.013176 
305.048647 1.999976 -0.013149 1.999976 -0.013149 
305.676965 1.999976 -0.013122 1.999976 -0.013122 
306.305284 1.999976 -0.013095 1.999976 -0.013095 
306.933602 1.999976 -0.013068 1.999976 -0.013068 
307.561921 1.999976 -0.013042 1.999976 -0.013042 
308.190239 1.999976 -0.013016 1.999976 -0.013016 
308.818558 1.999976 -0.012989 1.999976 -0.012989 
309.446876 1.999976 -0.012963 1.999976 -0.012963 
310.075195 1.999976 -0.012937 1.999976 -0.012937 
310.703513 1.999976 -0.012911 1.999976 -0.012911 
311.331832 1.999976 -0.012885 1.999976 -0.012885 
311.960151 1.999976 -0.012859 1.999976 -0.012859 
312.588469 1.999976 -0.012834 1.999976 -0.012834 
313.216788 1.999976 -0.012808 1.999976 -0.012808 
313.845106 1.999976 -0.012783 1.999976 -0.012783 
314.473425 1.999976 -0.012757 1.999976 -0.012757 
315.101743 1.999976 -0.012732 1.999976 -0.012732 
315.730062 1.999976 -0.012707 1.999976 -0.012707 
316.358380 1.999976 -0.012682 1.999976 -0.012682 
316.986699 1.999976 -0.012657 1.999976 -0.012657 
317.615017 1.999976 -0.012632 1.999976 -0.012632 
318.243336 1.999976 -0.012607 1.999976 -0.012607 
318.871654 1.999976 -0.012582 1.999976 -0.012582 
319.499973 1.999976 -0.012558 1.999976 -0.012558 
320.128291 1.999976 -0.012533 1.999976 -0.012533 
320.756610 1.999976 -0.012509 1.999976 -0.012509 
321.384928 1.999976 -0.012485 1.999976 -0.012485 
322.013247 1.999976 -0.012461 1.999976 -0.012461 
322.641566 1.999976 -0.012436 1.999976 -0.012436 
323.269884 1.999976 -0.012412 1.999976 -0.012412 
323.898203 1.999976 -0.012389 1.999976 -0.012389 
324.526521 1.999976 -0.012365 1.999976 -0.012365 
325.154840 1.999976 -0.012341 1.999976 -0.012341 
325.783158 1.999976 -0.012317 1.999976 -0.012317 
326.411477 1.999976 -0.012294 1.999976 -0.012294 
327.039795 1.999976 -0.012270 1.999976 -0.012270 
327.668114 1.999976 -0.012247 1.999976 -0.012247 
328.296432 1.999976 -0.012224 1.999976 -0.012224 
328.924751 1.999976 -0.012201 1.999976 -0.012201 
329.553069 1.999976 -0.012178 1.999976 -0.012178 
330.181388 1.999976 -0.012155 1.999976 -0.012155 
330.809706 1.999976 -0.012132 1.999976 -0.012132 
331.438025 1.999976 -0.012109 1.999976 -0.012109 
332.066343 1.999976 -0.012086 1.999976 -0.012086 
332.694662 1.999976 -0.012063 1.999976 -0.012063 
333.322981 1.999976 -0.012041 1.999976 -0.012041 
333.951299 1.999976 -0.012018 1.999976 -0.012018 
334.579618 1.999976 -0.011996 1.999976 -0.011996 
335.207936 1.999976 -0.011974 1.999976 -0.011974 
335.836255 1.999976 -0.011951 1.999976 -0.011951 
336.464573 1.999976 -0.011929 1.999976 -0.011929 
337.092892 1.999976 -0.011907 1.999976 -0.011907 
337.721210 1.999976 -0.011885 1.999976 -0.011885 
338.349529 1.999976 -0.011863 1.999976 -0.011863 
338.977847 1.999976 -0.011842 1.999976 -0.011842 
339.606166 1.999976 -0.011820 1.999976 -0.011820 
340.234484 1.999976 -0.011798 1.999976 -0.011798 
340.862803 1.999976 -0.011777 1.999976 -0.011777 
341.491121 1.999976 -0.011755 1.999976 -0.011755 
342.119440 1.999976 -0.011734 1.999976 -0.011734 
342.747759 1.999976 -0.011712 1.999976 -0.011712 
343.376077 1.999976 -0.011691 1.999976 -0.011691 
344.004396 1.999976 -0.011670 1.999976 -0.011670 
344.632714 1.999976 -0.011649 1.999976 -0.011649 
345.261033 1.999976 -0.011628 1.999976 -0.011628 
345.889351 1.999976 -0.011607 1.999976 -0.011607 
346.517670 1.999976 -0.011586 1.999976 -0.011586 
347.145988 1.999976 -0.011565 1.999976 -0.011565 
347.774307 1.999976 -0.011544 1.999976 -0.011544 
348.402625 1.999976 -0.011524 1.999976 -0.011524 
349.030944 1.999976 -0.011503 1.999976 -0.011503 
349.659262 1.999976 -0.011483 1.999976 -0.011483 
350.287581 1.999976 -0.011462 1.999976 -0.011462 
350.915899 1.999976 -0.011442 1.999976 -0.011442 
351.544218 1.999976 -0.011422 1.999976 -0.011422 
352.172536 1.999976 -0.011401 1.999976 -0.011401 
352.800855 1.999976 -0.011381 1.999976 -0.011381 
353.429174 1.999976 -0.011361 1.999976 -0.011361 
354.057492 1.999976 -0.011341 1.999976 -0.011341 
354.685811 1.999976 -0.011321 1.999976 -0.011321 
355.314129 1.999976 -0.011301 1.999976 -0.011301 
355.942448 1.999976 -0.011282 1.999976 -0.011282 
356.570766 1.999976 -0.011262 1.999976 -0.011262 
357.199085 1.999976 -0.011242 1.999976 -0.011242 
357.827403 1.999976 -0.011223 1.999976 -0.011223 
358.455722 1.999976 -0.011203 1.999976 -0.011203 
359.084040 1.999976 -0.011184 1.999976 -0.011184 
359.712359 1.999976 -0.011164 1.999976 -0.011164 
360.340677 1.999976 -0.011145 1.999976 -0.011145 
360.968996 1.999976 -0.011126 1.999976 -0.011126 
361.597314 1.999976 -0.011107 1.999976 -0.011107 
362.225633 1.999976 -0.011088 1.999976 -0.011088 
362.853951 1.999976 -0.011069 1.999976 -0.011069 
363.482270 1.999976 -0.011050 1.999976 -0.011050 
364.110589 1.999976 -0.011031 1.999976 -0.011031 
364.738907 1.999976 -0.011012 1.999976 -0.011012 
365.367226 1.999976 -0.010993 1.999976 -0.010993 
365.995544 1.999976 -0.010974 1.999976 -0.010974 
366.623863 1.999976 -0.010956 1.999976 -0.010956 
367.252181 1.999976 -0.010937 1.999976 -0.010937 
367.880500 1.999976 -0.010919 1.999976 -0.010919 
368.508818 1.999976 -0.010900 1.999976 -0.010900 
369.137137 1.999976 -0.010882 1.999976 -0.010882 
369.765455 1.999976 -0.010864 1.999976 -0.010864 
370.393774 1.999976 -0.010845 1.999976 -0.010845 
371.022092 1.999976 -0.010827 1.999976 -0.010827 
371.650411 1.999976 -0.010809 1.999976 -0.010809 
372.278729 1.999976 -0.010791 1.999976 -0.010791 
372.907048 1.999976 -0.010773 1.999976 -0.010773 
373.535367 1.999976 -0.010755 1.999976 -0.010755 
374.163685 1.999976 -0.010737 1.999976 -0.010737 
374.792004 1.999976 -0.010719 1.999976 -0.010719 
375.420322 1.999976 -0.010701 1.999976 -0.010701 
376.048641 1.999976 -0.010684 1.999976 -0.010684 
376.676959 1.999976 -0.010666 1.999976 -0.010666 
377.305278 1.999976 -0.010648 1.999976 -0.010648 
377.933596 1.999976 -0.010631 1.999976 -0.010631 
378.561915 1.999976 -0.010613 1.999976 -0.010613 
379.190233 1.999976 -0.010596 1.999976 -0.010596 
379.818552 1.999976 -0.010579 1.999976 -0.010579 
380.446870 1.999976 -0.010561 1.999976 -0.010561 
381.075189 1.999976 -0.010544 1.999976 -0.010544 
381.703507 1.999976 -0.010527 1.999976 -0.010527 
382.331826 1.999976 -0.010510 1.999976 -0.010510 
382.960144 1.999976 -0.010493 1.999976 -0.010493 
383.588463 1.999976 -0.010476 1.999976 -0.010476 
384.216782 1.999976 -0.010459 1.999976 -0.010459 
384.845100 1.999976 -0.010442 1.999976 -0.010442 
385.473419 1.999976 -0.010425 1.999976 -0.010425 
386.101737 1.999976 -0.010408 1.999976 -0.010408 
386.730056 1.999976 -0.010391 1.999976 -0.010391 
387.358374 1.999976 -0.010375 1.999976 -0.010375 
387.986693 1.999976 -0.010358 1.999976 -0.010358 
388.615011 1.999976 -0.010342 1.999976 -0.010342 
389.243330 1.999976 -0.010325 1.999976 -0.010325 
389.871648 1.999976 -0.010309 1.999976 -0.010309 
390.499967 1.999976 -0.010292 1.999976 -0.010292 
391.128285 1.999976 -0.010276 1.999976 -0.010276 
391.756604 1.999976 -0.010259 1.999976 -0.010259 
392.384922 1.999976 -0.010243 1.999976 -0.010243 
393.013241 1.999976 -0.010227 1.999976 -0.010227 
393.641559 1.999976 -0.010211 1.999976 -0.010211 
394.269878 1.999976 -0.010195 1.999976 -0.010195 
394.898197 1.999976 -0.010179 1.999976 -0.010179 
395.526515 1.999976 -0.010163 1.999976 -0.010163 
396.154834 1.999976 -0.010147 1.999976 -0.010147 
396.783152 1.999976 -0.010131 1.999976 -0.010131 
397.411471 1.999976 -0.010115 1.999976 -0.010115 
398.039789 1.999976 -0.010099 1.999976 -0.010099 
398.668108 1.999976 -0.010083 1.999976 -0.010083 
399.296426 1.999976 -0.010068 1.999976 -0.010068 
399.924745 1.999976 -0.010052 1.999976 -0.010052 
400.553063 1.999976 -0.010036 1.999976 -0.010036 
401.181382 1.999976 -0.010021 1.999976 -0.010021 
401.809700 1.999976 -0.010005 1.999976 -0.010005 
402.438019 1.999976 -0.009990 1.999976 -0.009990 
403.066337 1.999976 -0.009975 1.999976 -0.009975 
403.694656 1.999976 -0.009959 1.999976 -0.009959 
404.322975 1.999976 -0.009944 1.999976 -0.009944 
404.951293 1.999976 -0.009929 1.999976 -0.009929 
405.579612 1.999976 -0.009913 1.999976 -0.009913 
406.207930 1.999976 -0.009898 1.999976 -0.009898 
406.836249 1.999976 -0.009883 1.999976 -0.009883 
407.464567 1.999976 -0.009868 1.999976 -0.009868 
408.092886 1.999976 -0.009853 1.999976 -0.009853 
408.721204 1.999976 -0.009838 1.999976 -0.009838 
409.349523 1.999976 -0.009823 1.999976 -0.009823 
409.977841 1.999976 -0.009808 1.999976 -0.009808 
410.606160 1.999976 -0.009793 1.999976 -0.009793 
411.234478 1.999976 -0.009779 1.999976 -0.009779 
411.862797 1.999976 -0.009764 1.999976 -0.009764 
412.491115 1.999976 -0.009749 1.999976 -0.009749 
413.119434 1.999976 -0.009734 1.999976 -0.009734 
413.747752 1.999976 -0.009720 1.999976 -0.009720 
414.376071 1.999976 -0.009705 1.999976 -0.009705 
415.004390 1.999976 -0.009691 1.999976 -0.009691 
415.632708 1.999976 -0.009676 1.999976 -0.009676 
416.261027 1.999976 -0.009662 1.999976 -0.009662 
416.889345 1.999976 -0.009647 1.999976 -0.009647 
417.517664 1.999976 -0.009633 1.999976 -0.009633 
418.145982 1.999976 -0.009619 1.999976 -0.009619 
418.774301 1.999976 -0.009605 1.999976 -0.009605 
419.402619 1.999976 -0.009590 1.999976 -0.009590 
420.030938 1.999976 -0.009576 1.999976 -0.009576 
420.659256 1.999976 -0.009562 1.999976 -0.009562 
421.287575 1.999976 -0.009548 1.999976 -0.009548 
421.915893 1.999976 -0.009534 1.999976 -0.009534 
422.544212 1.999976 -0.009520 1.999976 -0.009520 
423.172530 1.999976 -0.009506 1.999976 -0.009506 
423.800849 1.999976 -0.009492 1.999976 -0.009492 
424.429167 1.999976 -0.009478 1.999976 -0.009478 
425.057486 1.999976 -0.009464 1.999976 -0.009464 
425.685805 1.999976 -0.009450 1.999976 -0.009450 
426.314123 1.999976 -0.009437 1.999976 -0.009437 
426.942442 1.999976 -0.009423 1.999976 -0.009423 
427.570760 1.999976 -0.009409 1.999976 -0.009409 
428.199079 1.999976 -0.009396 1.999976 -0.009396 
428.827397 1.999976 -0.009382 1.999976 -0.009382 
429.455716 1.999976 -0.009368 1.999976 -0.009368 
430.084034 1.999976 -0.009355 1.999976 -0.009355 
430.712353 1.999976 -0.009341 1.999976 -0.009341 
431.340671 1.999976 -0.009328 1.999976 -0.009328 
431.968990 1.999976 -0.009315 1.999976 -0.009315 
432.597308 1.999976 -0.009301 1.999976 -0.009301 
433.225627 1.999976 -0.009288 1.999976 -0.009288 
433.853945 1.999976 -0.009275 1.999976 -0.009275 
434.482264 1.999976 -0.009261 1.999976 -0.009261 
435.110583 1.999976 -0.009248 1.999976 -0.009248 
435.738901 1.999976 -0.009235 1.999976 -0.009235 
436.367220 1.999976 -0.009222 1.999976 -0.009222 
436.995538 1.999976 -0.009209 1.999976 -0.009209 
437.623857 1.999976 -0.009196 1.999976 -0.009196 
438.252175 1.999976 -0.009183 1.999976 -0.009183 
438.880494 1.999976 -0.009170 1.999976 -0.009170 
439.508812 1.999976 -0.009157 1.999976 -0.009157 
440.137131 1.999976 -0.009144 1.999976 -0.009144 
440.765449 1.999976 -0.009131 1.999976 -0.009131 
441.393768 1.999976 -0.009118 1.999976 -0.009118 
442.022086 1.999976 -0.009105 1.999976 -0.009105 
442.650405 1.999976 -0.009093 1.999976 -0.009093 
443.278723 1.999976 -0.009080 1.999976 -0.009080 
443.907042 1.999976 -0.009067 1.999976 -0.009067 
444.535360 1.999976 -0.009055 1.999976 -0.009055 
445.163679 1.999976 -0.009042 1.999976 -0.009042 
445.791998 1.999976 -0.009029 1.999976 -0.009029 
446.420316 1.999976 -0.009017 1.999976 -0.009017 
447.048635 1.999976 -0.009004 1.999976 -0.009004 
447.676953 1.999976 -0.008992 1.999976 -0.008992 
448.305272 1.999976 -0.008979 1.999976 -0.008979 
448.933590 1.999976 -0.008967 1.999976 -0.008967 
449.561909 1.999976 -0.008955 1.999976 -0.008955 
450.190227 1.999976 -0.008942 1.999976 -0.008942 
450.818546 1.999976 -0.008930 1.999976 -0.008930 
451.446864 1.999976 -0.008918 1.999976 -0.008918 
452.075183 1.999976 -0.008905 1.999976 -0.008905 
452.703501 1.999976 -0.008893 1.999976 -0.008893 
453.331820 1.999976 -0.008881 1.999976 -0.008881 
453.960138 1.999976 -0.008869 1.999976 -0.008869 
454.588457 1.999976 -0.008857 1.999976 -0.008857 
455.216776 1.999976 -0.008845 1.999976 -0.008845 
455.845094 1.999976 -0.008833 1.999976 -0.008833 
456.473413 1.999976 -0.008821 1.999976 -0.008821 
457.101731 1.999976 -0.008809 1.999976 -0.008809 
457.730050 1.999976 -0.008797 1.999976 -0.008797 
458.358368 1.999976 -0.008785 1.999976 -0.008785 
458.986687 1.999976 -0.008773 1.999976 -0.008773 
459.615005 1.999976 -0.008761 1.999976 -0.008761 
460.243324 1.999976 -0.008750 1.999976 -0.008750 
460.871642 1.999976 -0.008738 1.999976 -0.008738 
461.499961 1.999976 -0.008726 1.999976 -0.008726 
462.128279 1.999976 -0.008714 1.999976 -0.008714 
462.756598 1.999976 -0.008703 1.999976 -0.008703 
463.384916 1.999976 -0.008691 1.999976 -0.008691 
464.013235 1.999976 -0.008679 1.999976 -0.008679 
464.641553 1.999976 -0.008668 1.999976 -0.008668 
465.269872 1.999976 -0.008656 1.999976 -0.008656 
465.898191 1.999976 -0.008645 1.999976 -0.008645 
466.526509 1.999976 -0.008633 1.999976 -0.008633 
467.154828 1.999976 -0.008622 1.999976 -0.008622 
467.783146 1.999976 -0.008610 1.999976 -0.008610 
468.411465 1.999976 -0.008599 1.999976 -0.008599 
469.039783 1.999976 -0.008588 1.999976 -0.008588 
469.668102 1.999976 -0.008576 1.999976 -0.008576 
470.296420 1.999976 -0.008565 1.999976 -0.008565 
470.924739 1.999976 -0.008554 1.999976 -0.008554 
471.553057 1.999976 -0.008543 1.999976 -0.008543 
472.181376 1.999976 -0.008531 1.999976 -0.008531 
472.809694 1.999976 -0.008520 1.999976 -0.008520 
473.438013 1.999976 -0.008509 1.999976 -0.008509 
474.066331 1.999976 -0.008498 1.999976 -0.008498 
474.694650 1.999976 -0.008487 1.999976 -0.008487 
475.322968 1.999976 -0.008476 1.999976 -0.008476 
475.951287 1.999976 -0.008465 1.999976 -0.008465 
476.579606 1.999976 -0.008454 1.999976 -0.008454 
477.207924 1.999976 -0.008443 1.999976 -0.008443 
477.836243 1.999976 -0.008432 1.999976 -0.008432 
478.464561 1.999976 -0.008421 1.999976 -0.008421 
479.092880 1.999976 -0.008410 1.999976 -0.008410 
479.721198 1.999976 -0.008399 1.999976 -0.008399 
480.349517 1.999976 -0.008388 1.999976 -0.008388 
480.977835 1.999976 -0.008378 1.999976 -0.008378 
481.606154 1.999976 -0.008367 1.999976 -0.008367 
482.234472 1.999976 -0.008356 1.999976 -0.008356 
482.862791 1.999976 -0.008345 1.999976 -0.008345 
483.491109 1.999976 -0.008335 1.999976 -0.008335 
484.119428 1.999976 -0.008324 1.999976 -0.008324 
484.747746 1.999976 -0.008314 1.999976 -0.008314 
485.376065 1.999976 -0.008303 1.999976 -0.008303 
486.004384 1.999976 -0.008292 1.999976 -0.008292 
486.632702 1.999976 -0.008282 1.999976 -0.008282 
487.261021 1.999976 -0.008271 1.999976 -0.008271 
487.889339 1.999976 -0.008261 1.999976 -0.008261 
488.517658 1.999976 -0.008250 1.999976 -0.008250 
489.145976 1.999976 -0.008240 1.999976 -0.008240 
489.774295 1.999976 -0.008230 1.999976 -0.008230 
490.402613 1.999976 -0.008219 1.999976 -0.008219 
491.030932 1.999976 -0.008209 1.999976 -0.008209 
491.659250 1.999976 -0.008198 1.999976 -0.008198 
492.287569 1.999976 -0.008188 1.999976 -0.008188 
492.915887 1.999976 -0.008178 1.999976 -0.008178 
493.544206 1.999976 -0.008168 1.999976 -0.008168 
494.172524 1.999976 -0.008157 1.999976 -0.008157 
494.800843 1.999976 -0.008147 1.999976 -0.008147 
495.429161 1.999976 -0.008137 1.999976 -0.008137 
496.057480 1.999976 -0.008127 1.999976 -0.008127 
496.685799 1.999976 -0.008117 1.999976 -0.008117 
497.314117 1.999976 -0.008107 1.999976 -0.008107 
497.942436 1.999976 -0.008097 1.999976 -0.008097 
498.570754 1.999976 -0.008087 1.999976 -0.008087 
499.199073 1.999976 -0.008077 1.999976 -0.008077 
499.827391 1.999976 -0.008067 1.999976 -0.008067 
500.455710 1.999976 -0.008057 1.999976 -0.008057 
501.084028 1.999976 -0.008047 1.999976 -0.008047 
501.712347 1.999976 -0.008037 1.999976 -0.008037 
502.340665 1.999976 -0.008027 1.999976 -0.008027 
502.968984 1.999976 -0.008017 1.999976 -0.008017 
503.597302 1.999976 -0.008007 1.999976 -0.008007 
504.225621 1.999976 -0.007997 1.999976 -0.007997 
504.853939 1.999976 -0.007988 1.999976 -0.007988 
505.482258 1.999976 -0.007978 1.999976 -0.007978 
506.110576 1.999976 -0.007968 1.999976 -0.007968 
506.738895 1.999976 -0.007958 1.999976 -0.007958 
507.367214 1.999976 -0.007949 1.999976 -0.007949 
507.995532 1.999976 -0.007939 1.999976 -0.007939 
508.623851 1.999976 -0.007929 1.999976 -0.007929 
509.252169 1.999976 -0.007920 1.999976 -0.007920 
509.880488 1.999976 -0.007910 1.999976 -0.007910 
510.508806 1.999976 -0.007901 1.999976 -0.007901 
511.137125 1.999976 -0.007891 1.999976 -0.007891 
511.765443 1.999976 -0.007882 1.999976 -0.007882 
512.393762 1.999976 -0.007872 1.999976 -0.007872 
513.022080 1.999976 -0.007863 1.999976 -0.007863 
513.650399 1.999976 -0.007853 1.999976 -0.007853 
514.278717 1.999976 -0.007844 1.999976 -0.007844 
514.907036 1.999976 -0.007834 1.999976 -0.007834 
515.535354 1.999976 -0.007825 1.999976 -0.007825 
516.163673 1.999976 -0.007816 1.999976 -0.007816 
516.791992 1.999976 -0.007806 1.999976 -0.007806 
517.420310 1.999976 -0.007797 1.999976 -0.007797 
518.048629 1.999976 -0.007788 1.999976 -0.007788 
518.676947 1.999976 -0.007778 1.999976 -0.007778 
519.305266 1.999976 -0.007769 1.999976 -0.007769 
519.933584 1.999976 -0.007760 1.999976 -0.007760 
520.561903 1.999976 -0.007751 1.999976 -0.007751 
521.190221 1.999976 -0.007741 1.999976 -0.007741 
521.818540 1.999976 -0.007732 1.999976 -0.007732 
522.446858 1.999976 -0.007723 1.999976 -0.007723 
523.075177 1.999976 -0.007714 1.999976 -0.007714 
523.703495 1.999976 -0.007705 1.999976 -0.007705 
524.331814 1.999976 -0.007696 1.999976 -0.007696 
524.960132 1.999976 -0.007687 1.999976 -0.007687 
525.588451 1.999976 -0.007678 1.999976 -0.007678 
526.216769 1.999976 -0.007669 1.999976 -0.007669 
526.845088 1.999976 -0.007660 1.999976 -0.007660 
527.473407 1.999976 -0.007651 1.999976 -0.007651 
528.101725 1.999976 -0.007642 1.999976 -0.007642 
528.730044 1.999976 -0.007633 1.999976 -0.007633 
529.358362 1.999976 -0.007624 1.999976 -0.007624 
529.986681 1.999976 -0.007615 1.999976 -0.007615 
530.614999 1.999976 -0.007606 1.999976 -0.007606 
531.243318 1.999976 -0.007598 1.999976 -0.007598 
531.871636 1.999976 -0.007589 1.999976 -0.007589 
532.499955 1.999976 -0.007580 1.999976 -0.007580 
533.128273 1.999976 -0.007571 1.999976 -0.007571 
533.756592 1.999976 -0.007562 1.999976 -0.007562 
534.384910 1.999976 -0.007554 1.999976 -0.007554 
535.013229 1.999976 -0.007545 1.999976 -0.007545 
535.641547 1.999976 -0.007536 1.999976 -0.007536 
536.269866 1.999976 -0.007528 1.999976 -0.007528 
536.898184 1.999976 -0.007519 1.999976 -0.007519 
537.526503 1.999976 -0.007510 1.999976 -0.007510 
538.154822 1.999976 -0.007502 1.999976 -0.007502 
538.783140 1.999976 -0.007493 1.999976 -0.007493 
539.411459 1.999976 -0.007485 1.999976 -0.007485 
540.039777 1.999976 -0.007476 1.999976 -0.007476 
540.668096 1.999976 -0.007468 1.999976 -0.007468 
541.296414 1.999976 -0.007459 1.999976 -0.007459 
541.924733 1.999976 -0.007451 1.999976 -0.007451 
542.553051 1.999976 -0.007442 1.999976 -0.007442 
543.181370 1.999976 -0.007434 1.999976 -0.007434 
543.809688 1.999976 -0.007425 1.999976 -0.007425 
544.438007 1.999976 -0.007417 1.999976 -0.007417 
545.066325 1.999976 -0.007408 1.999976 -0.007408 
545.694644 1.999976 -0.007400 1.999976 -0.007400 
546.322962 1.999976 -0.007392 1.999976 -0.007392 
546.951281 1.999976 -0.007383 1.999976 -0.007383 
547.579600 1.999976 -0.007375 1.999976 -0.007375 
548.207918 1.999976 -0.007367 1.999976 -0.007367 
548.836237 1.999976 -0.007359 1.999976 -0.007359 
549.464555 1.999976 -0.007350 1.999976 -0.007350 
550.092874 1.999976 -0.007342 1.999976 -0.007342 
550.721192 1.999976 -0.007334 1.999976 -0.007334 
551.349511 1.999976 -0.007326 1.999976 -0.007326 
551.977829 1.999976 -0.007317 1.999976 -0.007317 
552.606148 1.999976 -0.007309 1.999976 -0.007309 
553.234466 1.999976 -0.007301 1.999976 -0.007301 
553.862785 1.999976 -0.007293 1.999976 -0.007293 
554.491103 1.999976 -0.007285 1.999976 -0.007285 
555.119422 1.999976 -0.007277 1.999976 -0.007277 
555.747740 1.999976 -0.007269 1.999976 -0.007269 
556.376059 1.999976 -0.007261 1.999976 -0.007261 
557.004377 1.999976 -0.007253 1.999976 -0.007253 
557.632696 1.999976 -0.007245 1.999976 -0.007245 
558.261015 1.999976 -0.007237 1.999976 -0.007237 
558.889333 1.999976 -0.007229 1.999976 -0.007229 
559.517652 1.999976 -0.007221 1.999976 -0.007221 
560.145970 1.999976 -0.007213 1.999976 -0.007213 
560.774289 1.999976 -0.007205 1.999976 -0.007205 
561.402607 1.999976 -0.007197 1.999976 -0.007197 
562.030926 1.999976 -0.007189 1.999976 -0.007189 
562.659244 1.999976 -0.007181 1.999976 -0.007181 
563.287563 1.999976 -0.007173 1.999976 -0.007173 
563.915881 1.999976 -0.007166 1.999976 -0.007166 
564.544200 1.999976 -0.007158 1.999976 -0.007158 
565.172518 1.999976 -0.007150 1.999976 -0.007150 
565.800837 1.999976 -0.007142 1.999976 -0.007142 
566.429155 1.999976 -0.007134 1.999976 -0.007134 
567.057474 1.999976 -0.007127 1.999976 -0.007127 
567.685793 1.999976 -0.007119 1.999976 -0.007119 
568.314111 1.999976 -0.007111 1.999976 -0.007111 
568.942430 1.999976 -0.007104 1.999976 -0.007104 
569.570748 1.999976 -0.007096 1.999976 -0.007096 
570.199067 1.999976 -0.007088 1.999976 -0.007088 
570.827385 1.999976 -0.007081 1.999976 -0.007081 
571.455704 1.999976 -0.007073 1.999976 -0.007073 
572.084022 1.999976 -0.007065 1.999976 -0.007065 
572.712341 1.999976 -0.007058 1.999976 -0.007058 
573.340659 1.999976 -0.007050 1.999976 -0.007050 
573.968978 1.999976 -0.007043 1.999976 -0.007043 
574.597296 1.999976 -0.007035 1.999976 -0.007035 
575.225615 1.999976 -0.007028 1.999976 -0.007028 
575.853933 1.999976 -0.007020 1.999976 -0.007020 
576.482252 1.999976 -0.007013 1.999976 -0.007013 
577.110570 1.999976 -0.007005 1.999976 -0.007005 
577.738889 1.999976 -0.006998 1.999976 -0.006998 
578.367208 1.999976 -0.006990 1.999976 -0.006990 
578.995526 1.999976 -0.006983 1.999976 -0.006983 
579.623845 1.999976 -0.006975 1.999976 -0.006975 
580.252163 1.999976 -0.006968 1.999976 -0.006968 
580.880482 1.999976 -0.006961 1.999976 -0.006961 
581.508800 1.999976 -0.006953 1.999976 -0.006953 
582.137119 1.999976 -0.006946 1.999976 -0.006946 
582.765437 1.999976 -0.006939 1.999976 -0.006939 
583.393756 1.999976 -0.006931 1.999976 -0.006931 
584.022074 1.999976 -0.006924 1.999976 -0.006924 
584.650393 1.999976 -0.006917 1.999976 -0.006917 
585.278711 1.999976 -0.006910 1.999976 -0.006910 
585.907030 1.999976 -0.006902 1.999976 -0.006902 
586.535348 1.999976 -0.006895 1.999976 -0.006895 
587.163667 1.999976 -0.006888 1.999976 -0.006888 
587.791985 1.999976 -0.006881 1.999976 -0.006881 
588.420304 1.999976 -0.006873 1.999976 -0.006873 
589.048623 1.999976 -0.006866 1.999976 -0.006866 
589.676941 1.999976 -0.006859 1.999976 -0.006859 
590.305260 1.999976 -0.006852 1.999976 -0.006852 
590.933578 1.999976 -0.006845 1.999976 -0.006845 
591.561897 1.999976 -0.006838 1.999976 -0.006838 
592.190215 1.999976 -0.006831 1.999976 -0.006831 
592.818534 1.999976 -0.006824 1.999976 -0.006824 
593.446852 1.999976 -0.006817 1.999976 -0.006817 
594.075171 1.999976 -0.006809 1.999976 -0.006809 
594.703489 1.999976 -0.006802 1.999976 -0.006802 
595.331808 1.999976 -0.006795 1.999976 -0.006795 
595.960126 1.999976 -0.006788 1.999976 -0.006788 
596.588445 1.999976 -0.006781 1.999976 -0.006781 
597.216763 1.999976 -0.006774 1.999976 -0.006774 
597.845082 1.999976 -0.006768 1.999976 -0.006768 
598.473401 1.999976 -0.006761 1.999976 -0.006761 
599.101719 1.999976 -0.006754 1.999976 -0.006754 
599.730038 1.999976 -0.006747 1.999976 -0.006747 
600.358356 1.999976 -0.006740 1.999976 -0.006740 
600.986675 1.999976 -0.006733 1.999976 -0.006733 
601.614993 1.999976 -0.006726 1.999976 -0.006726 
602.243312 1.999976 -0.006719 1.999976 -0.006719 
602.871630 1.999976 -0.006712 1.999976 -0.006712 
603.499949 1.999976 -0.006706 1.999976 -0.006706 
604.128267 1.999976 -0.006699 1.999976 -0.006699 
604.756586 1.999976 -0.006692 1.999976 -0.006692 
605.384904 1.999976 -0.006685 1.999976 -0.006685 
606.013223 1.999976 -0.006678 1.999976 -0.006678 
606.641541 1.999976 -0.006672 1.999976 -0.006672 
607.269860 1.999976 -0.006665 1.999976 -0.006665 
607.898178 1.999976 -0.006658 1.999976 -0.006658 
608.526497 1.999976 -0.006651 1.999976 -0.006651 
609.154816 1.999976 -0.006645 1.999976 -0.006645 
609.783134 1.999976 -0.006638 1.999976 -0.006638 
610.411453 1.999976 -0.006631 1.999976 -0.006631 
611.039771 1.999976 -0.006625 1.999976 -0.006625 
611.668090 1.999976 -0.006618 1.999976 -0.006618 
612.296408 1.999976 -0.006612 1.999976 -0.006612 
612.924727 1.999976 -0.006605 1.999976 -0.006605 
613.553045 1.999976 -0.006598 1.999976 -0.006598 
614.181364 1.999976 -0.006592 1.999976 -0.006592 
614.809682 1.999976 -0.006585 1.999976 -0.006585 
615.438001 1.999976 -0.006579 1.999976 -0.006579 
616.066319 1.999976 -0.006572 1.999976 -0.006572 
616.694638 1.999976 -0.006566 1.999976 -0.006566 
617.322956 1.999976 -0.006559 1.999976 -0.006559 
617.951275 1.999976 -0.006552 1.999976 -0.006552 
618.579593 1.999976 -0.006546 1.999976 -0.006546 
619.207912 1.999976 -0.006540 1.999976 -0.006540 
619.836231 1.999976 -0.006533 1.999976 -0.006533 
620.464549 1.999976 -0.006527 1.999976 -0.006527 
621.092868 1.999976 -0.006520 1.999976 -0.006520 
621.721186 1.999976 -0.006514 1.999976 -0.006514 
622.349505 1.999976 -0.006507 1.999976 -0.006507 
622.977823 1.999976 -0.006501 1.999976 -0.006501 
623.606142 1.999976 -0.006495 1.999976 -0.006495 
624.234460 1.999976 -0.006488 1.999976 -0.006488 
624.862779 1.999976 -0.006482 1.999976 -0.006482 
625.491097 1.999976 -0.006475 1.999976 -0.006475 
626.119416 1.999976 -0.006469 1.999976 -0.006469 
626.747734 1.999976 -0.006463 1.999976 -0.006463 
627.376053 1.999976 -0.006456 1.999976 -0.006456 
628.004371 1.999976 -0.006450 1.999976 -0.006450 
