 0.18964536192848813 
 0.41640446746265436 
 0.5710277522493601 
 0.7015645852323669 
 0.8114992054475043 
 0.9042933910826694 
 0.9902314028858448 
 1.0658739235170693 
 1.1312097225523758 
 1.193094973823753 
 1.258419542435093 
 1.2997924243303391 
 1.3445597018696787 
 1.3756370925929737 
 1.4203819092843788 
 1.4446255870236195 
 1.4688468039149258 
 1.4930567903822651 
 1.513816229085675 
 1.5380262155530142 
 1.538318206576162 
 1.55223270187155 
 1.559324714606851 
 1.5697998925622771 
 1.5769031357215453 
 1.5805782919648188 
 1.5842309873601577 
 1.5878612219075625 
 1.5846802043188466 
 1.5883104388662512 
 1.5919631342615903 
 1.5921877427409348 

