# Local self energy at imaginary frequency
# [Column] Data
# [1] Frequency
# [2] Re(Sigma_{shell=0, spin=up, 0, 0})
# [3] Im(Sigma_{shell=0, spin=up, 0, 0})
# [4] Re(Sigma_{shell=0, spin=down, 0, 0})
# [5] Im(Sigma_{shell=0, spin=down, 0, 0})
-157.001093 0.999990 0.006369 0.999990 0.006369 
-156.844013 0.999990 0.006376 0.999990 0.006376 
-156.686934 0.999990 0.006382 0.999990 0.006382 
-156.529854 0.999989 0.006389 0.999989 0.006389 
-156.372774 0.999989 0.006395 0.999989 0.006395 
-156.215695 0.999989 0.006401 0.999989 0.006401 
-156.058615 0.999989 0.006408 0.999989 0.006408 
-155.901535 0.999989 0.006414 0.999989 0.006414 
-155.744456 0.999989 0.006421 0.999989 0.006421 
-155.587376 0.999989 0.006427 0.999989 0.006427 
-155.430297 0.999989 0.006434 0.999989 0.006434 
-155.273217 0.999989 0.006440 0.999989 0.006440 
-155.116137 0.999989 0.006447 0.999989 0.006447 
-154.959058 0.999989 0.006453 0.999989 0.006453 
-154.801978 0.999989 0.006460 0.999989 0.006460 
-154.644898 0.999989 0.006466 0.999989 0.006466 
-154.487819 0.999989 0.006473 0.999989 0.006473 
-154.330739 0.999989 0.006480 0.999989 0.006480 
-154.173659 0.999989 0.006486 0.999989 0.006486 
-154.016580 0.999989 0.006493 0.999989 0.006493 
-153.859500 0.999989 0.006499 0.999989 0.006499 
-153.702421 0.999989 0.006506 0.999989 0.006506 
-153.545341 0.999989 0.006513 0.999989 0.006513 
-153.388261 0.999989 0.006519 0.999989 0.006519 
-153.231182 0.999989 0.006526 0.999989 0.006526 
-153.074102 0.999989 0.006533 0.999989 0.006533 
-152.917022 0.999989 0.006539 0.999989 0.006539 
-152.759943 0.999989 0.006546 0.999989 0.006546 
-152.602863 0.999989 0.006553 0.999989 0.006553 
-152.445784 0.999989 0.006560 0.999989 0.006560 
-152.288704 0.999989 0.006566 0.999989 0.006566 
-152.131624 0.999989 0.006573 0.999989 0.006573 
-151.974545 0.999989 0.006580 0.999989 0.006580 
-151.817465 0.999989 0.006587 0.999989 0.006587 
-151.660385 0.999989 0.006594 0.999989 0.006594 
-151.503306 0.999989 0.006600 0.999989 0.006600 
-151.346226 0.999989 0.006607 0.999989 0.006607 
-151.189146 0.999989 0.006614 0.999989 0.006614 
-151.032067 0.999989 0.006621 0.999989 0.006621 
-150.874987 0.999989 0.006628 0.999989 0.006628 
-150.717908 0.999989 0.006635 0.999989 0.006635 
-150.560828 0.999989 0.006642 0.999989 0.006642 
-150.403748 0.999989 0.006649 0.999989 0.006649 
-150.246669 0.999989 0.006656 0.999989 0.006656 
-150.089589 0.999989 0.006663 0.999989 0.006663 
-149.932509 0.999989 0.006670 0.999989 0.006670 
-149.775430 0.999989 0.006677 0.999989 0.006677 
-149.618350 0.999988 0.006684 0.999988 0.006684 
-149.461270 0.999988 0.006691 0.999988 0.006691 
-149.304191 0.999988 0.006698 0.999988 0.006698 
-149.147111 0.999988 0.006705 0.999988 0.006705 
-148.990032 0.999988 0.006712 0.999988 0.006712 
-148.832952 0.999988 0.006719 0.999988 0.006719 
-148.675872 0.999988 0.006726 0.999988 0.006726 
-148.518793 0.999988 0.006733 0.999988 0.006733 
-148.361713 0.999988 0.006740 0.999988 0.006740 
-148.204633 0.999988 0.006747 0.999988 0.006747 
-148.047554 0.999988 0.006755 0.999988 0.006755 
-147.890474 0.999988 0.006762 0.999988 0.006762 
-147.733395 0.999988 0.006769 0.999988 0.006769 
-147.576315 0.999988 0.006776 0.999988 0.006776 
-147.419235 0.999988 0.006783 0.999988 0.006783 
-147.262156 0.999988 0.006791 0.999988 0.006791 
-147.105076 0.999988 0.006798 0.999988 0.006798 
-146.947996 0.999988 0.006805 0.999988 0.006805 
-146.790917 0.999988 0.006812 0.999988 0.006812 
-146.633837 0.999988 0.006820 0.999988 0.006820 
-146.476757 0.999988 0.006827 0.999988 0.006827 
-146.319678 0.999988 0.006834 0.999988 0.006834 
-146.162598 0.999988 0.006842 0.999988 0.006842 
-146.005519 0.999988 0.006849 0.999988 0.006849 
-145.848439 0.999988 0.006856 0.999988 0.006856 
-145.691359 0.999988 0.006864 0.999988 0.006864 
-145.534280 0.999988 0.006871 0.999988 0.006871 
-145.377200 0.999988 0.006879 0.999988 0.006879 
-145.220120 0.999988 0.006886 0.999988 0.006886 
-145.063041 0.999988 0.006894 0.999988 0.006894 
-144.905961 0.999988 0.006901 0.999988 0.006901 
-144.748882 0.999988 0.006908 0.999988 0.006908 
-144.591802 0.999988 0.006916 0.999988 0.006916 
-144.434722 0.999988 0.006924 0.999988 0.006924 
-144.277643 0.999988 0.006931 0.999988 0.006931 
-144.120563 0.999988 0.006939 0.999988 0.006939 
-143.963483 0.999988 0.006946 0.999988 0.006946 
-143.806404 0.999988 0.006954 0.999988 0.006954 
-143.649324 0.999988 0.006961 0.999988 0.006961 
-143.492244 0.999987 0.006969 0.999987 0.006969 
-143.335165 0.999987 0.006977 0.999987 0.006977 
-143.178085 0.999987 0.006984 0.999987 0.006984 
-143.021006 0.999987 0.006992 0.999987 0.006992 
-142.863926 0.999987 0.007000 0.999987 0.007000 
-142.706846 0.999987 0.007007 0.999987 0.007007 
-142.549767 0.999987 0.007015 0.999987 0.007015 
-142.392687 0.999987 0.007023 0.999987 0.007023 
-142.235607 0.999987 0.007031 0.999987 0.007031 
-142.078528 0.999987 0.007038 0.999987 0.007038 
-141.921448 0.999987 0.007046 0.999987 0.007046 
-141.764368 0.999987 0.007054 0.999987 0.007054 
-141.607289 0.999987 0.007062 0.999987 0.007062 
-141.450209 0.999987 0.007070 0.999987 0.007070 
-141.293130 0.999987 0.007077 0.999987 0.007077 
-141.136050 0.999987 0.007085 0.999987 0.007085 
-140.978970 0.999987 0.007093 0.999987 0.007093 
-140.821891 0.999987 0.007101 0.999987 0.007101 
-140.664811 0.999987 0.007109 0.999987 0.007109 
-140.507731 0.999987 0.007117 0.999987 0.007117 
-140.350652 0.999987 0.007125 0.999987 0.007125 
-140.193572 0.999987 0.007133 0.999987 0.007133 
-140.036493 0.999987 0.007141 0.999987 0.007141 
-139.879413 0.999987 0.007149 0.999987 0.007149 
-139.722333 0.999987 0.007157 0.999987 0.007157 
-139.565254 0.999987 0.007165 0.999987 0.007165 
-139.408174 0.999987 0.007173 0.999987 0.007173 
-139.251094 0.999987 0.007181 0.999987 0.007181 
-139.094015 0.999987 0.007189 0.999987 0.007189 
-138.936935 0.999987 0.007197 0.999987 0.007197 
-138.779855 0.999987 0.007206 0.999987 0.007206 
-138.622776 0.999987 0.007214 0.999987 0.007214 
-138.465696 0.999987 0.007222 0.999987 0.007222 
-138.308617 0.999987 0.007230 0.999987 0.007230 
-138.151537 0.999986 0.007238 0.999986 0.007238 
-137.994457 0.999986 0.007247 0.999986 0.007247 
-137.837378 0.999986 0.007255 0.999986 0.007255 
-137.680298 0.999986 0.007263 0.999986 0.007263 
-137.523218 0.999986 0.007271 0.999986 0.007271 
-137.366139 0.999986 0.007280 0.999986 0.007280 
-137.209059 0.999986 0.007288 0.999986 0.007288 
-137.051980 0.999986 0.007296 0.999986 0.007296 
-136.894900 0.999986 0.007305 0.999986 0.007305 
-136.737820 0.999986 0.007313 0.999986 0.007313 
-136.580741 0.999986 0.007322 0.999986 0.007322 
-136.423661 0.999986 0.007330 0.999986 0.007330 
-136.266581 0.999986 0.007339 0.999986 0.007339 
-136.109502 0.999986 0.007347 0.999986 0.007347 
-135.952422 0.999986 0.007355 0.999986 0.007355 
-135.795342 0.999986 0.007364 0.999986 0.007364 
-135.638263 0.999986 0.007373 0.999986 0.007373 
-135.481183 0.999986 0.007381 0.999986 0.007381 
-135.324104 0.999986 0.007390 0.999986 0.007390 
-135.167024 0.999986 0.007398 0.999986 0.007398 
-135.009944 0.999986 0.007407 0.999986 0.007407 
-134.852865 0.999986 0.007415 0.999986 0.007415 
-134.695785 0.999986 0.007424 0.999986 0.007424 
-134.538705 0.999986 0.007433 0.999986 0.007433 
-134.381626 0.999986 0.007441 0.999986 0.007441 
-134.224546 0.999986 0.007450 0.999986 0.007450 
-134.067466 0.999986 0.007459 0.999986 0.007459 
-133.910387 0.999986 0.007468 0.999986 0.007468 
-133.753307 0.999986 0.007476 0.999986 0.007476 
-133.596228 0.999986 0.007485 0.999986 0.007485 
-133.439148 0.999986 0.007494 0.999986 0.007494 
-133.282068 0.999985 0.007503 0.999985 0.007503 
-133.124989 0.999985 0.007512 0.999985 0.007512 
-132.967909 0.999985 0.007521 0.999985 0.007521 
-132.810829 0.999985 0.007529 0.999985 0.007529 
-132.653750 0.999985 0.007538 0.999985 0.007538 
-132.496670 0.999985 0.007547 0.999985 0.007547 
-132.339591 0.999985 0.007556 0.999985 0.007556 
-132.182511 0.999985 0.007565 0.999985 0.007565 
-132.025431 0.999985 0.007574 0.999985 0.007574 
-131.868352 0.999985 0.007583 0.999985 0.007583 
-131.711272 0.999985 0.007592 0.999985 0.007592 
-131.554192 0.999985 0.007601 0.999985 0.007601 
-131.397113 0.999985 0.007610 0.999985 0.007610 
-131.240033 0.999985 0.007620 0.999985 0.007620 
-131.082953 0.999985 0.007629 0.999985 0.007629 
-130.925874 0.999985 0.007638 0.999985 0.007638 
-130.768794 0.999985 0.007647 0.999985 0.007647 
-130.611715 0.999985 0.007656 0.999985 0.007656 
-130.454635 0.999985 0.007665 0.999985 0.007665 
-130.297555 0.999985 0.007675 0.999985 0.007675 
-130.140476 0.999985 0.007684 0.999985 0.007684 
-129.983396 0.999985 0.007693 0.999985 0.007693 
-129.826316 0.999985 0.007703 0.999985 0.007703 
-129.669237 0.999985 0.007712 0.999985 0.007712 
-129.512157 0.999985 0.007721 0.999985 0.007721 
-129.355078 0.999985 0.007731 0.999985 0.007731 
-129.197998 0.999985 0.007740 0.999985 0.007740 
-129.040918 0.999985 0.007749 0.999985 0.007749 
-128.883839 0.999984 0.007759 0.999984 0.007759 
-128.726759 0.999984 0.007768 0.999984 0.007768 
-128.569679 0.999984 0.007778 0.999984 0.007778 
-128.412600 0.999984 0.007787 0.999984 0.007787 
-128.255520 0.999984 0.007797 0.999984 0.007797 
-128.098440 0.999984 0.007806 0.999984 0.007806 
-127.941361 0.999984 0.007816 0.999984 0.007816 
-127.784281 0.999984 0.007826 0.999984 0.007826 
-127.627202 0.999984 0.007835 0.999984 0.007835 
-127.470122 0.999984 0.007845 0.999984 0.007845 
-127.313042 0.999984 0.007855 0.999984 0.007855 
-127.155963 0.999984 0.007864 0.999984 0.007864 
-126.998883 0.999984 0.007874 0.999984 0.007874 
-126.841803 0.999984 0.007884 0.999984 0.007884 
-126.684724 0.999984 0.007894 0.999984 0.007894 
-126.527644 0.999984 0.007903 0.999984 0.007903 
-126.370564 0.999984 0.007913 0.999984 0.007913 
-126.213485 0.999984 0.007923 0.999984 0.007923 
-126.056405 0.999984 0.007933 0.999984 0.007933 
-125.899326 0.999984 0.007943 0.999984 0.007943 
-125.742246 0.999984 0.007953 0.999984 0.007953 
-125.585166 0.999984 0.007963 0.999984 0.007963 
-125.428087 0.999984 0.007973 0.999984 0.007973 
-125.271007 0.999984 0.007983 0.999984 0.007983 
-125.113927 0.999984 0.007993 0.999984 0.007993 
-124.956848 0.999983 0.008003 0.999983 0.008003 
-124.799768 0.999983 0.008013 0.999983 0.008013 
-124.642689 0.999983 0.008023 0.999983 0.008023 
-124.485609 0.999983 0.008033 0.999983 0.008033 
-124.328529 0.999983 0.008043 0.999983 0.008043 
-124.171450 0.999983 0.008053 0.999983 0.008053 
-124.014370 0.999983 0.008064 0.999983 0.008064 
-123.857290 0.999983 0.008074 0.999983 0.008074 
-123.700211 0.999983 0.008084 0.999983 0.008084 
-123.543131 0.999983 0.008094 0.999983 0.008094 
-123.386051 0.999983 0.008105 0.999983 0.008105 
-123.228972 0.999983 0.008115 0.999983 0.008115 
-123.071892 0.999983 0.008125 0.999983 0.008125 
-122.914813 0.999983 0.008136 0.999983 0.008136 
-122.757733 0.999983 0.008146 0.999983 0.008146 
-122.600653 0.999983 0.008157 0.999983 0.008157 
-122.443574 0.999983 0.008167 0.999983 0.008167 
-122.286494 0.999983 0.008177 0.999983 0.008177 
-122.129414 0.999983 0.008188 0.999983 0.008188 
-121.972335 0.999983 0.008199 0.999983 0.008199 
-121.815255 0.999983 0.008209 0.999983 0.008209 
-121.658176 0.999983 0.008220 0.999983 0.008220 
-121.501096 0.999983 0.008230 0.999983 0.008230 
-121.344016 0.999982 0.008241 0.999982 0.008241 
-121.186937 0.999982 0.008252 0.999982 0.008252 
-121.029857 0.999982 0.008262 0.999982 0.008262 
-120.872777 0.999982 0.008273 0.999982 0.008273 
-120.715698 0.999982 0.008284 0.999982 0.008284 
-120.558618 0.999982 0.008295 0.999982 0.008295 
-120.401538 0.999982 0.008306 0.999982 0.008306 
-120.244459 0.999982 0.008316 0.999982 0.008316 
-120.087379 0.999982 0.008327 0.999982 0.008327 
-119.930300 0.999982 0.008338 0.999982 0.008338 
-119.773220 0.999982 0.008349 0.999982 0.008349 
-119.616140 0.999982 0.008360 0.999982 0.008360 
-119.459061 0.999982 0.008371 0.999982 0.008371 
-119.301981 0.999982 0.008382 0.999982 0.008382 
-119.144901 0.999982 0.008393 0.999982 0.008393 
-118.987822 0.999982 0.008404 0.999982 0.008404 
-118.830742 0.999982 0.008415 0.999982 0.008415 
-118.673662 0.999982 0.008426 0.999982 0.008426 
-118.516583 0.999982 0.008438 0.999982 0.008438 
-118.359503 0.999982 0.008449 0.999982 0.008449 
-118.202424 0.999982 0.008460 0.999982 0.008460 
-118.045344 0.999982 0.008471 0.999982 0.008471 
-117.888264 0.999981 0.008483 0.999981 0.008483 
-117.731185 0.999981 0.008494 0.999981 0.008494 
-117.574105 0.999981 0.008505 0.999981 0.008505 
-117.417025 0.999981 0.008517 0.999981 0.008517 
-117.259946 0.999981 0.008528 0.999981 0.008528 
-117.102866 0.999981 0.008539 0.999981 0.008539 
-116.945787 0.999981 0.008551 0.999981 0.008551 
-116.788707 0.999981 0.008562 0.999981 0.008562 
-116.631627 0.999981 0.008574 0.999981 0.008574 
-116.474548 0.999981 0.008586 0.999981 0.008586 
-116.317468 0.999981 0.008597 0.999981 0.008597 
-116.160388 0.999981 0.008609 0.999981 0.008609 
-116.003309 0.999981 0.008620 0.999981 0.008620 
-115.846229 0.999981 0.008632 0.999981 0.008632 
-115.689149 0.999981 0.008644 0.999981 0.008644 
-115.532070 0.999981 0.008656 0.999981 0.008656 
-115.374990 0.999981 0.008667 0.999981 0.008667 
-115.217911 0.999981 0.008679 0.999981 0.008679 
-115.060831 0.999981 0.008691 0.999981 0.008691 
-114.903751 0.999980 0.008703 0.999980 0.008703 
-114.746672 0.999980 0.008715 0.999980 0.008715 
-114.589592 0.999980 0.008727 0.999980 0.008727 
-114.432512 0.999980 0.008739 0.999980 0.008739 
-114.275433 0.999980 0.008751 0.999980 0.008751 
-114.118353 0.999980 0.008763 0.999980 0.008763 
-113.961274 0.999980 0.008775 0.999980 0.008775 
-113.804194 0.999980 0.008787 0.999980 0.008787 
-113.647114 0.999980 0.008799 0.999980 0.008799 
-113.490035 0.999980 0.008811 0.999980 0.008811 
-113.332955 0.999980 0.008824 0.999980 0.008824 
-113.175875 0.999980 0.008836 0.999980 0.008836 
-113.018796 0.999980 0.008848 0.999980 0.008848 
-112.861716 0.999980 0.008860 0.999980 0.008860 
-112.704636 0.999980 0.008873 0.999980 0.008873 
-112.547557 0.999980 0.008885 0.999980 0.008885 
-112.390477 0.999980 0.008898 0.999980 0.008898 
-112.233398 0.999980 0.008910 0.999980 0.008910 
-112.076318 0.999979 0.008922 0.999979 0.008922 
-111.919238 0.999979 0.008935 0.999979 0.008935 
-111.762159 0.999979 0.008948 0.999979 0.008948 
-111.605079 0.999979 0.008960 0.999979 0.008960 
-111.447999 0.999979 0.008973 0.999979 0.008973 
-111.290920 0.999979 0.008985 0.999979 0.008985 
-111.133840 0.999979 0.008998 0.999979 0.008998 
-110.976760 0.999979 0.009011 0.999979 0.009011 
-110.819681 0.999979 0.009024 0.999979 0.009024 
-110.662601 0.999979 0.009036 0.999979 0.009036 
-110.505522 0.999979 0.009049 0.999979 0.009049 
-110.348442 0.999979 0.009062 0.999979 0.009062 
-110.191362 0.999979 0.009075 0.999979 0.009075 
-110.034283 0.999979 0.009088 0.999979 0.009088 
-109.877203 0.999979 0.009101 0.999979 0.009101 
-109.720123 0.999979 0.009114 0.999979 0.009114 
-109.563044 0.999979 0.009127 0.999979 0.009127 
-109.405964 0.999978 0.009140 0.999978 0.009140 
-109.248885 0.999978 0.009153 0.999978 0.009153 
-109.091805 0.999978 0.009167 0.999978 0.009167 
-108.934725 0.999978 0.009180 0.999978 0.009180 
-108.777646 0.999978 0.009193 0.999978 0.009193 
-108.620566 0.999978 0.009206 0.999978 0.009206 
-108.463486 0.999978 0.009220 0.999978 0.009220 
-108.306407 0.999978 0.009233 0.999978 0.009233 
-108.149327 0.999978 0.009246 0.999978 0.009246 
-107.992247 0.999978 0.009260 0.999978 0.009260 
-107.835168 0.999978 0.009273 0.999978 0.009273 
-107.678088 0.999978 0.009287 0.999978 0.009287 
-107.521009 0.999978 0.009300 0.999978 0.009300 
-107.363929 0.999978 0.009314 0.999978 0.009314 
-107.206849 0.999978 0.009328 0.999978 0.009328 
-107.049770 0.999978 0.009341 0.999978 0.009341 
-106.892690 0.999977 0.009355 0.999977 0.009355 
-106.735610 0.999977 0.009369 0.999977 0.009369 
-106.578531 0.999977 0.009383 0.999977 0.009383 
-106.421451 0.999977 0.009397 0.999977 0.009397 
-106.264372 0.999977 0.009410 0.999977 0.009410 
-106.107292 0.999977 0.009424 0.999977 0.009424 
-105.950212 0.999977 0.009438 0.999977 0.009438 
-105.793133 0.999977 0.009452 0.999977 0.009452 
-105.636053 0.999977 0.009466 0.999977 0.009466 
-105.478973 0.999977 0.009481 0.999977 0.009481 
-105.321894 0.999977 0.009495 0.999977 0.009495 
-105.164814 0.999977 0.009509 0.999977 0.009509 
-105.007734 0.999977 0.009523 0.999977 0.009523 
-104.850655 0.999977 0.009537 0.999977 0.009537 
-104.693575 0.999976 0.009552 0.999976 0.009552 
-104.536496 0.999976 0.009566 0.999976 0.009566 
-104.379416 0.999976 0.009580 0.999976 0.009580 
-104.222336 0.999976 0.009595 0.999976 0.009595 
-104.065257 0.999976 0.009609 0.999976 0.009609 
-103.908177 0.999976 0.009624 0.999976 0.009624 
-103.751097 0.999976 0.009638 0.999976 0.009638 
-103.594018 0.999976 0.009653 0.999976 0.009653 
-103.436938 0.999976 0.009668 0.999976 0.009668 
-103.279858 0.999976 0.009682 0.999976 0.009682 
-103.122779 0.999976 0.009697 0.999976 0.009697 
-102.965699 0.999976 0.009712 0.999976 0.009712 
-102.808620 0.999976 0.009727 0.999976 0.009727 
-102.651540 0.999976 0.009742 0.999976 0.009742 
-102.494460 0.999975 0.009757 0.999975 0.009757 
-102.337381 0.999975 0.009772 0.999975 0.009772 
-102.180301 0.999975 0.009787 0.999975 0.009787 
-102.023221 0.999975 0.009802 0.999975 0.009802 
-101.866142 0.999975 0.009817 0.999975 0.009817 
-101.709062 0.999975 0.009832 0.999975 0.009832 
-101.551983 0.999975 0.009847 0.999975 0.009847 
-101.394903 0.999975 0.009862 0.999975 0.009862 
-101.237823 0.999975 0.009878 0.999975 0.009878 
-101.080744 0.999975 0.009893 0.999975 0.009893 
-100.923664 0.999975 0.009908 0.999975 0.009908 
-100.766584 0.999975 0.009924 0.999975 0.009924 
-100.609505 0.999975 0.009939 0.999975 0.009939 
-100.452425 0.999974 0.009955 0.999974 0.009955 
-100.295345 0.999974 0.009970 0.999974 0.009970 
-100.138266 0.999974 0.009986 0.999974 0.009986 
-99.981186 0.999974 0.010002 0.999974 0.010002 
-99.824107 0.999974 0.010018 0.999974 0.010018 
-99.667027 0.999974 0.010033 0.999974 0.010033 
-99.509947 0.999974 0.010049 0.999974 0.010049 
-99.352868 0.999974 0.010065 0.999974 0.010065 
-99.195788 0.999974 0.010081 0.999974 0.010081 
-99.038708 0.999974 0.010097 0.999974 0.010097 
-98.881629 0.999974 0.010113 0.999974 0.010113 
-98.724549 0.999974 0.010129 0.999974 0.010129 
-98.567470 0.999973 0.010145 0.999973 0.010145 
-98.410390 0.999973 0.010161 0.999973 0.010161 
-98.253310 0.999973 0.010178 0.999973 0.010178 
-98.096231 0.999973 0.010194 0.999973 0.010194 
-97.939151 0.999973 0.010210 0.999973 0.010210 
-97.782071 0.999973 0.010227 0.999973 0.010227 
-97.624992 0.999973 0.010243 0.999973 0.010243 
-97.467912 0.999973 0.010260 0.999973 0.010260 
-97.310832 0.999973 0.010276 0.999973 0.010276 
-97.153753 0.999973 0.010293 0.999973 0.010293 
-96.996673 0.999973 0.010310 0.999973 0.010310 
-96.839594 0.999973 0.010326 0.999973 0.010326 
-96.682514 0.999972 0.010343 0.999972 0.010343 
-96.525434 0.999972 0.010360 0.999972 0.010360 
-96.368355 0.999972 0.010377 0.999972 0.010377 
-96.211275 0.999972 0.010394 0.999972 0.010394 
-96.054195 0.999972 0.010411 0.999972 0.010411 
-95.897116 0.999972 0.010428 0.999972 0.010428 
-95.740036 0.999972 0.010445 0.999972 0.010445 
-95.582956 0.999972 0.010462 0.999972 0.010462 
-95.425877 0.999972 0.010479 0.999972 0.010479 
-95.268797 0.999972 0.010497 0.999972 0.010497 
-95.111718 0.999972 0.010514 0.999972 0.010514 
-94.954638 0.999971 0.010531 0.999971 0.010531 
-94.797558 0.999971 0.010549 0.999971 0.010549 
-94.640479 0.999971 0.010566 0.999971 0.010566 
-94.483399 0.999971 0.010584 0.999971 0.010584 
-94.326319 0.999971 0.010601 0.999971 0.010601 
-94.169240 0.999971 0.010619 0.999971 0.010619 
-94.012160 0.999971 0.010637 0.999971 0.010637 
-93.855081 0.999971 0.010655 0.999971 0.010655 
-93.698001 0.999971 0.010673 0.999971 0.010673 
-93.540921 0.999971 0.010690 0.999971 0.010690 
-93.383842 0.999970 0.010708 0.999970 0.010708 
-93.226762 0.999970 0.010726 0.999970 0.010726 
-93.069682 0.999970 0.010745 0.999970 0.010745 
-92.912603 0.999970 0.010763 0.999970 0.010763 
-92.755523 0.999970 0.010781 0.999970 0.010781 
-92.598443 0.999970 0.010799 0.999970 0.010799 
-92.441364 0.999970 0.010818 0.999970 0.010818 
-92.284284 0.999970 0.010836 0.999970 0.010836 
-92.127205 0.999970 0.010854 0.999970 0.010854 
-91.970125 0.999970 0.010873 0.999970 0.010873 
-91.813045 0.999969 0.010892 0.999969 0.010892 
-91.655966 0.999969 0.010910 0.999969 0.010910 
-91.498886 0.999969 0.010929 0.999969 0.010929 
-91.341806 0.999969 0.010948 0.999969 0.010948 
-91.184727 0.999969 0.010967 0.999969 0.010967 
-91.027647 0.999969 0.010986 0.999969 0.010986 
-90.870568 0.999969 0.011005 0.999969 0.011005 
-90.713488 0.999969 0.011024 0.999969 0.011024 
-90.556408 0.999969 0.011043 0.999969 0.011043 
-90.399329 0.999968 0.011062 0.999968 0.011062 
-90.242249 0.999968 0.011081 0.999968 0.011081 
-90.085169 0.999968 0.011101 0.999968 0.011101 
-89.928090 0.999968 0.011120 0.999968 0.011120 
-89.771010 0.999968 0.011139 0.999968 0.011139 
-89.613930 0.999968 0.011159 0.999968 0.011159 
-89.456851 0.999968 0.011178 0.999968 0.011178 
-89.299771 0.999968 0.011198 0.999968 0.011198 
-89.142692 0.999968 0.011218 0.999968 0.011218 
-88.985612 0.999967 0.011238 0.999967 0.011238 
-88.828532 0.999967 0.011258 0.999967 0.011258 
-88.671453 0.999967 0.011277 0.999967 0.011277 
-88.514373 0.999967 0.011298 0.999967 0.011298 
-88.357293 0.999967 0.011318 0.999967 0.011318 
-88.200214 0.999967 0.011338 0.999967 0.011338 
-88.043134 0.999967 0.011358 0.999967 0.011358 
-87.886054 0.999967 0.011378 0.999967 0.011378 
-87.728975 0.999967 0.011399 0.999967 0.011399 
-87.571895 0.999966 0.011419 0.999966 0.011419 
-87.414816 0.999966 0.011440 0.999966 0.011440 
-87.257736 0.999966 0.011460 0.999966 0.011460 
-87.100656 0.999966 0.011481 0.999966 0.011481 
-86.943577 0.999966 0.011502 0.999966 0.011502 
-86.786497 0.999966 0.011522 0.999966 0.011522 
-86.629417 0.999966 0.011543 0.999966 0.011543 
-86.472338 0.999966 0.011564 0.999966 0.011564 
-86.315258 0.999965 0.011585 0.999965 0.011585 
-86.158179 0.999965 0.011606 0.999965 0.011606 
-86.001099 0.999965 0.011628 0.999965 0.011628 
-85.844019 0.999965 0.011649 0.999965 0.011649 
-85.686940 0.999965 0.011670 0.999965 0.011670 
-85.529860 0.999965 0.011692 0.999965 0.011692 
-85.372780 0.999965 0.011713 0.999965 0.011713 
-85.215701 0.999965 0.011735 0.999965 0.011735 
-85.058621 0.999964 0.011756 0.999964 0.011756 
-84.901541 0.999964 0.011778 0.999964 0.011778 
-84.744462 0.999964 0.011800 0.999964 0.011800 
-84.587382 0.999964 0.011822 0.999964 0.011822 
-84.430303 0.999964 0.011844 0.999964 0.011844 
-84.273223 0.999964 0.011866 0.999964 0.011866 
-84.116143 0.999964 0.011888 0.999964 0.011888 
-83.959064 0.999963 0.011910 0.999963 0.011910 
-83.801984 0.999963 0.011933 0.999963 0.011933 
-83.644904 0.999963 0.011955 0.999963 0.011955 
-83.487825 0.999963 0.011978 0.999963 0.011978 
-83.330745 0.999963 0.012000 0.999963 0.012000 
-83.173666 0.999963 0.012023 0.999963 0.012023 
-83.016586 0.999963 0.012046 0.999963 0.012046 
-82.859506 0.999962 0.012069 0.999962 0.012069 
-82.702427 0.999962 0.012091 0.999962 0.012091 
-82.545347 0.999962 0.012114 0.999962 0.012114 
-82.388267 0.999962 0.012138 0.999962 0.012138 
-82.231188 0.999962 0.012161 0.999962 0.012161 
-82.074108 0.999962 0.012184 0.999962 0.012184 
-81.917028 0.999962 0.012207 0.999962 0.012207 
-81.759949 0.999961 0.012231 0.999961 0.012231 
-81.602869 0.999961 0.012254 0.999961 0.012254 
-81.445790 0.999961 0.012278 0.999961 0.012278 
-81.288710 0.999961 0.012302 0.999961 0.012302 
-81.131630 0.999961 0.012326 0.999961 0.012326 
-80.974551 0.999961 0.012349 0.999961 0.012349 
-80.817471 0.999961 0.012373 0.999961 0.012373 
-80.660391 0.999960 0.012398 0.999960 0.012398 
-80.503312 0.999960 0.012422 0.999960 0.012422 
-80.346232 0.999960 0.012446 0.999960 0.012446 
-80.189152 0.999960 0.012470 0.999960 0.012470 
-80.032073 0.999960 0.012495 0.999960 0.012495 
-79.874993 0.999960 0.012519 0.999960 0.012519 
-79.717914 0.999959 0.012544 0.999959 0.012544 
-79.560834 0.999959 0.012569 0.999959 0.012569 
-79.403754 0.999959 0.012594 0.999959 0.012594 
-79.246675 0.999959 0.012619 0.999959 0.012619 
-79.089595 0.999959 0.012644 0.999959 0.012644 
-78.932515 0.999959 0.012669 0.999959 0.012669 
-78.775436 0.999958 0.012694 0.999958 0.012694 
-78.618356 0.999958 0.012720 0.999958 0.012720 
-78.461277 0.999958 0.012745 0.999958 0.012745 
-78.304197 0.999958 0.012771 0.999958 0.012771 
-78.147117 0.999958 0.012796 0.999958 0.012796 
-77.990038 0.999958 0.012822 0.999958 0.012822 
-77.832958 0.999957 0.012848 0.999957 0.012848 
-77.675878 0.999957 0.012874 0.999957 0.012874 
-77.518799 0.999957 0.012900 0.999957 0.012900 
-77.361719 0.999957 0.012926 0.999957 0.012926 
-77.204639 0.999957 0.012952 0.999957 0.012952 
-77.047560 0.999957 0.012979 0.999957 0.012979 
-76.890480 0.999956 0.013005 0.999956 0.013005 
-76.733401 0.999956 0.013032 0.999956 0.013032 
-76.576321 0.999956 0.013059 0.999956 0.013059 
-76.419241 0.999956 0.013086 0.999956 0.013086 
-76.262162 0.999956 0.013113 0.999956 0.013113 
-76.105082 0.999956 0.013140 0.999956 0.013140 
-75.948002 0.999955 0.013167 0.999955 0.013167 
-75.790923 0.999955 0.013194 0.999955 0.013194 
-75.633843 0.999955 0.013221 0.999955 0.013221 
-75.476764 0.999955 0.013249 0.999955 0.013249 
-75.319684 0.999955 0.013277 0.999955 0.013277 
-75.162604 0.999954 0.013304 0.999954 0.013304 
-75.005525 0.999954 0.013332 0.999954 0.013332 
-74.848445 0.999954 0.013360 0.999954 0.013360 
-74.691365 0.999954 0.013388 0.999954 0.013388 
-74.534286 0.999954 0.013416 0.999954 0.013416 
-74.377206 0.999953 0.013445 0.999953 0.013445 
-74.220126 0.999953 0.013473 0.999953 0.013473 
-74.063047 0.999953 0.013502 0.999953 0.013502 
-73.905967 0.999953 0.013531 0.999953 0.013531 
-73.748888 0.999953 0.013559 0.999953 0.013559 
-73.591808 0.999952 0.013588 0.999952 0.013588 
-73.434728 0.999952 0.013617 0.999952 0.013617 
-73.277649 0.999952 0.013647 0.999952 0.013647 
-73.120569 0.999952 0.013676 0.999952 0.013676 
-72.963489 0.999952 0.013705 0.999952 0.013705 
-72.806410 0.999951 0.013735 0.999951 0.013735 
-72.649330 0.999951 0.013765 0.999951 0.013765 
-72.492250 0.999951 0.013794 0.999951 0.013794 
-72.335171 0.999951 0.013824 0.999951 0.013824 
-72.178091 0.999951 0.013854 0.999951 0.013854 
-72.021012 0.999950 0.013885 0.999950 0.013885 
-71.863932 0.999950 0.013915 0.999950 0.013915 
-71.706852 0.999950 0.013945 0.999950 0.013945 
-71.549773 0.999950 0.013976 0.999950 0.013976 
-71.392693 0.999949 0.014007 0.999949 0.014007 
-71.235613 0.999949 0.014038 0.999949 0.014038 
-71.078534 0.999949 0.014069 0.999949 0.014069 
-70.921454 0.999949 0.014100 0.999949 0.014100 
-70.764375 0.999949 0.014131 0.999949 0.014131 
-70.607295 0.999948 0.014163 0.999948 0.014163 
-70.450215 0.999948 0.014194 0.999948 0.014194 
-70.293136 0.999948 0.014226 0.999948 0.014226 
-70.136056 0.999948 0.014258 0.999948 0.014258 
-69.978976 0.999947 0.014290 0.999947 0.014290 
-69.821897 0.999947 0.014322 0.999947 0.014322 
-69.664817 0.999947 0.014354 0.999947 0.014354 
-69.507737 0.999947 0.014387 0.999947 0.014387 
-69.350658 0.999946 0.014419 0.999946 0.014419 
-69.193578 0.999946 0.014452 0.999946 0.014452 
-69.036499 0.999946 0.014485 0.999946 0.014485 
-68.879419 0.999946 0.014518 0.999946 0.014518 
-68.722339 0.999945 0.014551 0.999945 0.014551 
-68.565260 0.999945 0.014584 0.999945 0.014584 
-68.408180 0.999945 0.014618 0.999945 0.014618 
-68.251100 0.999945 0.014652 0.999945 0.014652 
-68.094021 0.999944 0.014685 0.999944 0.014685 
-67.936941 0.999944 0.014719 0.999944 0.014719 
-67.779862 0.999944 0.014753 0.999944 0.014753 
-67.622782 0.999944 0.014788 0.999944 0.014788 
-67.465702 0.999943 0.014822 0.999943 0.014822 
-67.308623 0.999943 0.014857 0.999943 0.014857 
-67.151543 0.999943 0.014891 0.999943 0.014891 
-66.994463 0.999943 0.014926 0.999943 0.014926 
-66.837384 0.999942 0.014961 0.999942 0.014961 
-66.680304 0.999942 0.014997 0.999942 0.014997 
-66.523224 0.999942 0.015032 0.999942 0.015032 
-66.366145 0.999941 0.015068 0.999941 0.015068 
-66.209065 0.999941 0.015103 0.999941 0.015103 
-66.051986 0.999941 0.015139 0.999941 0.015139 
-65.894906 0.999941 0.015175 0.999941 0.015175 
-65.737826 0.999940 0.015212 0.999940 0.015212 
-65.580747 0.999940 0.015248 0.999940 0.015248 
-65.423667 0.999940 0.015285 0.999940 0.015285 
-65.266587 0.999939 0.015322 0.999939 0.015322 
-65.109508 0.999939 0.015358 0.999939 0.015358 
-64.952428 0.999939 0.015396 0.999939 0.015396 
-64.795348 0.999939 0.015433 0.999939 0.015433 
-64.638269 0.999938 0.015470 0.999938 0.015470 
-64.481189 0.999938 0.015508 0.999938 0.015508 
-64.324110 0.999938 0.015546 0.999938 0.015546 
-64.167030 0.999937 0.015584 0.999937 0.015584 
-64.009950 0.999937 0.015622 0.999937 0.015622 
-63.852871 0.999937 0.015661 0.999937 0.015661 
-63.695791 0.999936 0.015699 0.999936 0.015699 
-63.538711 0.999936 0.015738 0.999936 0.015738 
-63.381632 0.999936 0.015777 0.999936 0.015777 
-63.224552 0.999936 0.015816 0.999936 0.015816 
-63.067473 0.999935 0.015856 0.999935 0.015856 
-62.910393 0.999935 0.015895 0.999935 0.015895 
-62.753313 0.999935 0.015935 0.999935 0.015935 
-62.596234 0.999934 0.015975 0.999934 0.015975 
-62.439154 0.999934 0.016015 0.999934 0.016015 
-62.282074 0.999934 0.016056 0.999934 0.016056 
-62.124995 0.999933 0.016096 0.999933 0.016096 
-61.967915 0.999933 0.016137 0.999933 0.016137 
-61.810835 0.999933 0.016178 0.999933 0.016178 
-61.653756 0.999932 0.016219 0.999932 0.016219 
-61.496676 0.999932 0.016261 0.999932 0.016261 
-61.339597 0.999932 0.016302 0.999932 0.016302 
-61.182517 0.999931 0.016344 0.999931 0.016344 
-61.025437 0.999931 0.016386 0.999931 0.016386 
-60.868358 0.999930 0.016429 0.999930 0.016429 
-60.711278 0.999930 0.016471 0.999930 0.016471 
-60.554198 0.999930 0.016514 0.999930 0.016514 
-60.397119 0.999929 0.016557 0.999929 0.016557 
-60.240039 0.999929 0.016600 0.999929 0.016600 
-60.082959 0.999929 0.016643 0.999929 0.016643 
-59.925880 0.999928 0.016687 0.999928 0.016687 
-59.768800 0.999928 0.016731 0.999928 0.016731 
-59.611721 0.999927 0.016775 0.999927 0.016775 
-59.454641 0.999927 0.016819 0.999927 0.016819 
-59.297561 0.999927 0.016864 0.999927 0.016864 
-59.140482 0.999926 0.016909 0.999926 0.016909 
-58.983402 0.999926 0.016954 0.999926 0.016954 
-58.826322 0.999926 0.016999 0.999926 0.016999 
-58.669243 0.999925 0.017044 0.999925 0.017044 
-58.512163 0.999925 0.017090 0.999925 0.017090 
-58.355084 0.999924 0.017136 0.999924 0.017136 
-58.198004 0.999924 0.017182 0.999924 0.017182 
-58.040924 0.999923 0.017229 0.999923 0.017229 
-57.883845 0.999923 0.017276 0.999923 0.017276 
-57.726765 0.999923 0.017323 0.999923 0.017323 
-57.569685 0.999922 0.017370 0.999922 0.017370 
-57.412606 0.999922 0.017417 0.999922 0.017417 
-57.255526 0.999921 0.017465 0.999921 0.017465 
-57.098446 0.999921 0.017513 0.999921 0.017513 
-56.941367 0.999921 0.017562 0.999921 0.017562 
-56.784287 0.999920 0.017610 0.999920 0.017610 
-56.627208 0.999920 0.017659 0.999920 0.017659 
-56.470128 0.999919 0.017708 0.999919 0.017708 
-56.313048 0.999919 0.017758 0.999919 0.017758 
-56.155969 0.999918 0.017807 0.999918 0.017807 
-55.998889 0.999918 0.017857 0.999918 0.017857 
-55.841809 0.999917 0.017907 0.999917 0.017907 
-55.684730 0.999917 0.017958 0.999917 0.017958 
-55.527650 0.999916 0.018009 0.999916 0.018009 
-55.370571 0.999916 0.018060 0.999916 0.018060 
-55.213491 0.999915 0.018111 0.999915 0.018111 
-55.056411 0.999915 0.018163 0.999915 0.018163 
-54.899332 0.999914 0.018215 0.999914 0.018215 
-54.742252 0.999914 0.018267 0.999914 0.018267 
-54.585172 0.999914 0.018320 0.999914 0.018320 
-54.428093 0.999913 0.018372 0.999913 0.018372 
-54.271013 0.999912 0.018426 0.999912 0.018426 
-54.113933 0.999912 0.018479 0.999912 0.018479 
-53.956854 0.999911 0.018533 0.999911 0.018533 
-53.799774 0.999911 0.018587 0.999911 0.018587 
-53.642695 0.999910 0.018641 0.999910 0.018641 
-53.485615 0.999910 0.018696 0.999910 0.018696 
-53.328535 0.999909 0.018751 0.999909 0.018751 
-53.171456 0.999909 0.018807 0.999909 0.018807 
-53.014376 0.999908 0.018862 0.999908 0.018862 
-52.857296 0.999908 0.018918 0.999908 0.018918 
-52.700217 0.999907 0.018975 0.999907 0.018975 
-52.543137 0.999907 0.019032 0.999907 0.019032 
-52.386057 0.999906 0.019089 0.999906 0.019089 
-52.228978 0.999906 0.019146 0.999906 0.019146 
-52.071898 0.999905 0.019204 0.999905 0.019204 
-51.914819 0.999904 0.019262 0.999904 0.019262 
-51.757739 0.999904 0.019320 0.999904 0.019320 
-51.600659 0.999903 0.019379 0.999903 0.019379 
-51.443580 0.999903 0.019438 0.999903 0.019438 
-51.286500 0.999902 0.019498 0.999902 0.019498 
-51.129420 0.999901 0.019558 0.999901 0.019558 
-50.972341 0.999901 0.019618 0.999901 0.019618 
-50.815261 0.999900 0.019679 0.999900 0.019679 
-50.658182 0.999900 0.019740 0.999900 0.019740 
-50.501102 0.999899 0.019801 0.999899 0.019801 
-50.344022 0.999898 0.019863 0.999898 0.019863 
-50.186943 0.999898 0.019925 0.999898 0.019925 
-50.029863 0.999897 0.019988 0.999897 0.019988 
-49.872783 0.999896 0.020050 0.999896 0.020050 
-49.715704 0.999896 0.020114 0.999896 0.020114 
-49.558624 0.999895 0.020178 0.999895 0.020178 
-49.401544 0.999894 0.020242 0.999894 0.020242 
-49.244465 0.999894 0.020306 0.999894 0.020306 
-49.087385 0.999893 0.020371 0.999893 0.020371 
-48.930306 0.999892 0.020437 0.999892 0.020437 
-48.773226 0.999892 0.020502 0.999892 0.020502 
-48.616146 0.999891 0.020569 0.999891 0.020569 
-48.459067 0.999890 0.020635 0.999890 0.020635 
-48.301987 0.999890 0.020702 0.999890 0.020702 
-48.144907 0.999889 0.020770 0.999889 0.020770 
-47.987828 0.999888 0.020838 0.999888 0.020838 
-47.830748 0.999887 0.020906 0.999887 0.020906 
-47.673669 0.999887 0.020975 0.999887 0.020975 
-47.516589 0.999886 0.021045 0.999886 0.021045 
-47.359509 0.999885 0.021114 0.999885 0.021114 
-47.202430 0.999884 0.021185 0.999884 0.021185 
-47.045350 0.999884 0.021255 0.999884 0.021255 
-46.888270 0.999883 0.021327 0.999883 0.021327 
-46.731191 0.999882 0.021398 0.999882 0.021398 
-46.574111 0.999881 0.021470 0.999881 0.021470 
-46.417031 0.999880 0.021543 0.999880 0.021543 
-46.259952 0.999880 0.021616 0.999880 0.021616 
-46.102872 0.999879 0.021690 0.999879 0.021690 
-45.945793 0.999878 0.021764 0.999878 0.021764 
-45.788713 0.999877 0.021839 0.999877 0.021839 
-45.631633 0.999876 0.021914 0.999876 0.021914 
-45.474554 0.999875 0.021990 0.999875 0.021990 
-45.317474 0.999875 0.022066 0.999875 0.022066 
-45.160394 0.999874 0.022143 0.999874 0.022143 
-45.003315 0.999873 0.022220 0.999873 0.022220 
-44.846235 0.999872 0.022298 0.999872 0.022298 
-44.689155 0.999871 0.022376 0.999871 0.022376 
-44.532076 0.999870 0.022455 0.999870 0.022455 
-44.374996 0.999869 0.022534 0.999869 0.022534 
-44.217917 0.999868 0.022614 0.999868 0.022614 
-44.060837 0.999867 0.022695 0.999867 0.022695 
-43.903757 0.999866 0.022776 0.999866 0.022776 
-43.746678 0.999865 0.022858 0.999865 0.022858 
-43.589598 0.999864 0.022940 0.999864 0.022940 
-43.432518 0.999863 0.023023 0.999863 0.023023 
-43.275439 0.999862 0.023107 0.999862 0.023107 
-43.118359 0.999861 0.023191 0.999861 0.023191 
-42.961280 0.999860 0.023276 0.999860 0.023276 
-42.804200 0.999859 0.023361 0.999859 0.023361 
-42.647120 0.999858 0.023447 0.999858 0.023447 
-42.490041 0.999857 0.023534 0.999857 0.023534 
-42.332961 0.999856 0.023621 0.999856 0.023621 
-42.175881 0.999855 0.023709 0.999855 0.023709 
-42.018802 0.999854 0.023798 0.999854 0.023798 
-41.861722 0.999853 0.023887 0.999853 0.023887 
-41.704642 0.999852 0.023977 0.999852 0.023977 
-41.547563 0.999851 0.024068 0.999851 0.024068 
-41.390483 0.999850 0.024159 0.999850 0.024159 
-41.233404 0.999848 0.024251 0.999848 0.024251 
-41.076324 0.999847 0.024344 0.999847 0.024344 
-40.919244 0.999846 0.024437 0.999846 0.024437 
-40.762165 0.999845 0.024532 0.999845 0.024532 
-40.605085 0.999844 0.024626 0.999844 0.024626 
-40.448005 0.999842 0.024722 0.999842 0.024722 
-40.290926 0.999841 0.024818 0.999841 0.024818 
-40.133846 0.999840 0.024916 0.999840 0.024916 
-39.976767 0.999839 0.025013 0.999839 0.025013 
-39.819687 0.999837 0.025112 0.999837 0.025112 
-39.662607 0.999836 0.025212 0.999836 0.025212 
-39.505528 0.999835 0.025312 0.999835 0.025312 
-39.348448 0.999834 0.025413 0.999834 0.025413 
-39.191368 0.999832 0.025515 0.999832 0.025515 
-39.034289 0.999831 0.025617 0.999831 0.025617 
-38.877209 0.999829 0.025721 0.999829 0.025721 
-38.720129 0.999828 0.025825 0.999828 0.025825 
-38.563050 0.999827 0.025930 0.999827 0.025930 
-38.405970 0.999825 0.026036 0.999825 0.026036 
-38.248891 0.999824 0.026143 0.999824 0.026143 
-38.091811 0.999822 0.026251 0.999822 0.026251 
-37.934731 0.999821 0.026360 0.999821 0.026360 
-37.777652 0.999819 0.026469 0.999819 0.026469 
-37.620572 0.999818 0.026580 0.999818 0.026580 
-37.463492 0.999816 0.026691 0.999816 0.026691 
-37.306413 0.999815 0.026804 0.999815 0.026804 
-37.149333 0.999813 0.026917 0.999813 0.026917 
-36.992253 0.999812 0.027031 0.999812 0.027031 
-36.835174 0.999810 0.027147 0.999810 0.027147 
-36.678094 0.999808 0.027263 0.999808 0.027263 
-36.521015 0.999807 0.027380 0.999807 0.027380 
-36.363935 0.999805 0.027498 0.999805 0.027498 
-36.206855 0.999803 0.027618 0.999803 0.027618 
-36.049776 0.999802 0.027738 0.999802 0.027738 
-35.892696 0.999800 0.027859 0.999800 0.027859 
-35.735616 0.999798 0.027982 0.999798 0.027982 
-35.578537 0.999796 0.028105 0.999796 0.028105 
-35.421457 0.999795 0.028230 0.999795 0.028230 
-35.264378 0.999793 0.028356 0.999793 0.028356 
-35.107298 0.999791 0.028483 0.999791 0.028483 
-34.950218 0.999789 0.028611 0.999789 0.028611 
-34.793139 0.999787 0.028740 0.999787 0.028740 
-34.636059 0.999785 0.028870 0.999785 0.028870 
-34.478979 0.999783 0.029002 0.999783 0.029002 
-34.321900 0.999781 0.029134 0.999781 0.029134 
-34.164820 0.999779 0.029268 0.999779 0.029268 
-34.007740 0.999777 0.029403 0.999777 0.029403 
-33.850661 0.999775 0.029540 0.999775 0.029540 
-33.693581 0.999773 0.029678 0.999773 0.029678 
-33.536502 0.999771 0.029816 0.999771 0.029816 
-33.379422 0.999769 0.029957 0.999769 0.029957 
-33.222342 0.999767 0.030098 0.999767 0.030098 
-33.065263 0.999764 0.030241 0.999764 0.030241 
-32.908183 0.999762 0.030386 0.999762 0.030386 
-32.751103 0.999760 0.030531 0.999760 0.030531 
-32.594024 0.999757 0.030679 0.999757 0.030679 
-32.436944 0.999755 0.030827 0.999755 0.030827 
-32.279865 0.999753 0.030977 0.999753 0.030977 
-32.122785 0.999750 0.031129 0.999750 0.031129 
-31.965705 0.999748 0.031281 0.999748 0.031281 
-31.808626 0.999745 0.031436 0.999745 0.031436 
-31.651546 0.999743 0.031592 0.999743 0.031592 
-31.494466 0.999740 0.031749 0.999740 0.031749 
-31.337387 0.999738 0.031909 0.999738 0.031909 
-31.180307 0.999735 0.032069 0.999735 0.032069 
-31.023227 0.999732 0.032232 0.999732 0.032232 
-30.866148 0.999730 0.032396 0.999730 0.032396 
-30.709068 0.999727 0.032561 0.999727 0.032561 
-30.551989 0.999724 0.032729 0.999724 0.032729 
-30.394909 0.999721 0.032898 0.999721 0.032898 
-30.237829 0.999718 0.033069 0.999718 0.033069 
-30.080750 0.999715 0.033241 0.999715 0.033241 
-29.923670 0.999712 0.033416 0.999712 0.033416 
-29.766590 0.999709 0.033592 0.999709 0.033592 
-29.609511 0.999706 0.033770 0.999706 0.033770 
-29.452431 0.999703 0.033950 0.999703 0.033950 
-29.295351 0.999700 0.034132 0.999700 0.034132 
-29.138272 0.999696 0.034316 0.999696 0.034316 
-28.981192 0.999693 0.034502 0.999693 0.034502 
-28.824113 0.999690 0.034690 0.999690 0.034690 
-28.667033 0.999686 0.034880 0.999686 0.034880 
-28.509953 0.999683 0.035073 0.999683 0.035073 
-28.352874 0.999679 0.035267 0.999679 0.035267 
-28.195794 0.999676 0.035463 0.999676 0.035463 
-28.038714 0.999672 0.035662 0.999672 0.035662 
-27.881635 0.999669 0.035863 0.999669 0.035863 
-27.724555 0.999665 0.036066 0.999665 0.036066 
-27.567476 0.999661 0.036271 0.999661 0.036271 
-27.410396 0.999657 0.036479 0.999657 0.036479 
-27.253316 0.999653 0.036690 0.999653 0.036690 
-27.096237 0.999649 0.036902 0.999649 0.036902 
-26.939157 0.999645 0.037117 0.999645 0.037117 
-26.782077 0.999641 0.037335 0.999641 0.037335 
-26.624998 0.999636 0.037555 0.999636 0.037555 
-26.467918 0.999632 0.037778 0.999632 0.037778 
-26.310838 0.999628 0.038004 0.999628 0.038004 
-26.153759 0.999623 0.038232 0.999623 0.038232 
-25.996679 0.999619 0.038463 0.999619 0.038463 
-25.839600 0.999614 0.038696 0.999614 0.038696 
-25.682520 0.999609 0.038933 0.999609 0.038933 
-25.525440 0.999604 0.039173 0.999604 0.039173 
-25.368361 0.999600 0.039415 0.999600 0.039415 
-25.211281 0.999595 0.039661 0.999595 0.039661 
-25.054201 0.999589 0.039909 0.999589 0.039909 
-24.897122 0.999584 0.040161 0.999584 0.040161 
-24.740042 0.999579 0.040416 0.999579 0.040416 
-24.582963 0.999574 0.040674 0.999574 0.040674 
-24.425883 0.999568 0.040936 0.999568 0.040936 
-24.268803 0.999562 0.041201 0.999562 0.041201 
-24.111724 0.999557 0.041469 0.999557 0.041469 
-23.954644 0.999551 0.041741 0.999551 0.041741 
-23.797564 0.999545 0.042016 0.999545 0.042016 
-23.640485 0.999539 0.042295 0.999539 0.042295 
-23.483405 0.999533 0.042578 0.999533 0.042578 
-23.326325 0.999526 0.042865 0.999526 0.042865 
-23.169246 0.999520 0.043155 0.999520 0.043155 
-23.012166 0.999513 0.043450 0.999513 0.043450 
-22.855087 0.999507 0.043748 0.999507 0.043748 
-22.698007 0.999500 0.044051 0.999500 0.044051 
-22.540927 0.999493 0.044358 0.999493 0.044358 
-22.383848 0.999486 0.044669 0.999486 0.044669 
-22.226768 0.999478 0.044985 0.999478 0.044985 
-22.069688 0.999471 0.045305 0.999471 0.045305 
-21.912609 0.999463 0.045630 0.999463 0.045630 
-21.755529 0.999456 0.045959 0.999456 0.045959 
-21.598449 0.999448 0.046293 0.999448 0.046293 
-21.441370 0.999439 0.046632 0.999439 0.046632 
-21.284290 0.999431 0.046976 0.999431 0.046976 
-21.127211 0.999423 0.047325 0.999423 0.047325 
-20.970131 0.999414 0.047680 0.999414 0.047680 
-20.813051 0.999405 0.048039 0.999405 0.048039 
-20.655972 0.999396 0.048405 0.999396 0.048405 
-20.498892 0.999387 0.048775 0.999387 0.048775 
-20.341812 0.999377 0.049152 0.999377 0.049152 
-20.184733 0.999368 0.049534 0.999368 0.049534 
-20.027653 0.999358 0.049923 0.999358 0.049923 
-19.870574 0.999347 0.050317 0.999347 0.050317 
-19.713494 0.999337 0.050718 0.999337 0.050718 
-19.556414 0.999326 0.051125 0.999326 0.051125 
-19.399335 0.999315 0.051539 0.999315 0.051539 
-19.242255 0.999304 0.051960 0.999304 0.051960 
-19.085175 0.999293 0.052387 0.999293 0.052387 
-18.928096 0.999281 0.052822 0.999281 0.052822 
-18.771016 0.999269 0.053264 0.999269 0.053264 
-18.613936 0.999256 0.053713 0.999256 0.053713 
-18.456857 0.999244 0.054170 0.999244 0.054170 
-18.299777 0.999231 0.054635 0.999231 0.054635 
-18.142698 0.999217 0.055107 0.999217 0.055107 
-17.985618 0.999203 0.055589 0.999203 0.055589 
-17.828538 0.999189 0.056078 0.999189 0.056078 
-17.671459 0.999175 0.056576 0.999175 0.056576 
-17.514379 0.999160 0.057084 0.999160 0.057084 
-17.357299 0.999145 0.057600 0.999145 0.057600 
-17.200220 0.999129 0.058126 0.999129 0.058126 
-17.043140 0.999113 0.058661 0.999113 0.058661 
-16.886061 0.999096 0.059207 0.999096 0.059207 
-16.728981 0.999079 0.059762 0.999079 0.059762 
-16.571901 0.999062 0.060329 0.999062 0.060329 
-16.414822 0.999044 0.060906 0.999044 0.060906 
-16.257742 0.999025 0.061494 0.999025 0.061494 
-16.100662 0.999006 0.062093 0.999006 0.062093 
-15.943583 0.998986 0.062705 0.998986 0.062705 
-15.786503 0.998966 0.063328 0.998966 0.063328 
-15.629423 0.998945 0.063964 0.998945 0.063964 
-15.472344 0.998924 0.064614 0.998924 0.064614 
-15.315264 0.998902 0.065276 0.998902 0.065276 
-15.158185 0.998879 0.065952 0.998879 0.065952 
-15.001105 0.998855 0.066642 0.998855 0.066642 
-14.844025 0.998831 0.067347 0.998831 0.067347 
-14.686946 0.998806 0.068067 0.998806 0.068067 
-14.529866 0.998780 0.068802 0.998780 0.068802 
-14.372786 0.998753 0.069554 0.998753 0.069554 
-14.215707 0.998725 0.070322 0.998725 0.070322 
-14.058627 0.998696 0.071107 0.998696 0.071107 
-13.901547 0.998667 0.071910 0.998667 0.071910 
-13.744468 0.998636 0.072731 0.998636 0.072731 
-13.587388 0.998605 0.073571 0.998605 0.073571 
-13.430309 0.998572 0.074431 0.998572 0.074431 
-13.273229 0.998538 0.075311 0.998538 0.075311 
-13.116149 0.998502 0.076212 0.998502 0.076212 
-12.959070 0.998466 0.077136 0.998466 0.077136 
-12.801990 0.998428 0.078081 0.998428 0.078081 
-12.644910 0.998389 0.079050 0.998389 0.079050 
-12.487831 0.998348 0.080044 0.998348 0.080044 
-12.330751 0.998306 0.081063 0.998306 0.081063 
-12.173672 0.998262 0.082108 0.998262 0.082108 
-12.016592 0.998216 0.083180 0.998216 0.083180 
-11.859512 0.998168 0.084281 0.998168 0.084281 
-11.702433 0.998119 0.085411 0.998119 0.085411 
-11.545353 0.998067 0.086572 0.998067 0.086572 
-11.388273 0.998014 0.087765 0.998014 0.087765 
-11.231194 0.997958 0.088991 0.997958 0.088991 
-11.074114 0.997900 0.090252 0.997900 0.090252 
-10.917034 0.997839 0.091549 0.997839 0.091549 
-10.759955 0.997775 0.092884 0.997775 0.092884 
-10.602875 0.997709 0.094258 0.997709 0.094258 
-10.445796 0.997639 0.095674 0.997639 0.095674 
-10.288716 0.997567 0.097133 0.997567 0.097133 
-10.131636 0.997491 0.098637 0.997491 0.098637 
-9.974557 0.997411 0.100188 0.997411 0.100188 
-9.817477 0.997328 0.101789 0.997328 0.101789 
-9.660397 0.997240 0.103442 0.997240 0.103442 
-9.503318 0.997148 0.105149 0.997148 0.105149 
-9.346238 0.997052 0.106914 0.997052 0.106914 
-9.189159 0.996950 0.108738 0.996950 0.108738 
-9.032079 0.996843 0.110626 0.996843 0.110626 
-8.874999 0.996731 0.112581 0.996731 0.112581 
-8.717920 0.996612 0.114606 0.996612 0.114606 
-8.560840 0.996487 0.116705 0.996487 0.116705 
-8.403760 0.996354 0.118883 0.996354 0.118883 
-8.246681 0.996214 0.121143 0.996214 0.121143 
-8.089601 0.996066 0.123490 0.996066 0.123490 
-7.932521 0.995909 0.125930 0.995909 0.125930 
-7.775442 0.995742 0.128469 0.995742 0.128469 
-7.618362 0.995565 0.131112 0.995565 0.131112 
-7.461283 0.995376 0.133865 0.995376 0.133865 
-7.304203 0.995175 0.136737 0.995175 0.136737 
-7.147123 0.994961 0.139735 0.994961 0.139735 
-6.990044 0.994732 0.142866 0.994732 0.142866 
-6.832964 0.994488 0.146141 0.994488 0.146141 
-6.675884 0.994226 0.149570 0.994226 0.149570 
-6.518805 0.993945 0.153163 0.993945 0.153163 
-6.361725 0.993642 0.156933 0.993642 0.156933 
-6.204645 0.993317 0.160892 0.993317 0.160892 
-6.047566 0.992966 0.165056 0.992966 0.165056 
-5.890486 0.992587 0.169441 0.992587 0.169441 
-5.733407 0.992176 0.174065 0.992176 0.174065 
-5.576327 0.991729 0.178947 0.991729 0.178947 
-5.419247 0.991244 0.184111 0.991244 0.184111 
-5.262168 0.990715 0.189581 0.990715 0.189581 
-5.105088 0.990136 0.195385 0.990136 0.195385 
-4.948008 0.989502 0.201555 0.989502 0.201555 
-4.790929 0.988804 0.208126 0.988804 0.208126 
-4.633849 0.988035 0.215138 0.988035 0.215138 
-4.476770 0.987183 0.222637 0.987183 0.222637 
-4.319690 0.986237 0.230677 0.986237 0.230677 
-4.162610 0.985183 0.239316 0.985183 0.239316 
-4.005531 0.984003 0.248626 0.984003 0.248626 
-3.848451 0.982676 0.258685 0.982676 0.258685 
-3.691371 0.981178 0.269588 0.981178 0.269588 
-3.534292 0.979477 0.281446 0.979477 0.281446 
-3.377212 0.977534 0.294388 0.977534 0.294388 
-3.220132 0.975304 0.308570 0.975304 0.308570 
-3.063053 0.972724 0.324177 0.972724 0.324177 
-2.905973 0.969719 0.341433 0.969719 0.341433 
-2.748894 0.966190 0.360613 0.966190 0.360613 
-2.591814 0.962010 0.382052 0.962010 0.382052 
-2.434734 0.957005 0.406171 0.957005 0.406171 
-2.277655 0.950948 0.433498 0.950948 0.433498 
-2.120575 0.943522 0.464706 0.943522 0.464706 
-1.963495 0.934283 0.500670 0.934283 0.500670 
-1.806416 0.922595 0.542539 0.922595 0.542539 
-1.649336 0.907517 0.591853 0.907517 0.591853 
-1.492257 0.887616 0.650717 0.887616 0.650717 
-1.335177 0.860623 0.722061 0.860623 0.722061 
-1.178097 0.822789 0.810059 0.822789 0.810059 
-1.021018 0.767585 0.920749 0.767585 0.920749 
-0.863938 0.682922 1.062902 0.682922 1.062902 
-0.706858 0.544713 1.248711 0.544713 1.248711 
-0.549779 0.300951 1.491215 0.300951 1.491215 
-0.392699 -0.168106 1.779863 -0.168106 1.779863 
-0.235619 -1.113562 1.932283 -1.113562 1.932283 
-0.078540 -2.550394 1.081960 -2.550394 1.081960 
0.078540 -2.550394 -1.081960 -2.550394 -1.081960 
0.235619 -1.113562 -1.932283 -1.113562 -1.932283 
0.392699 -0.168106 -1.779863 -0.168106 -1.779863 
0.549779 0.300951 -1.491215 0.300951 -1.491215 
0.706858 0.544713 -1.248711 0.544713 -1.248711 
0.863938 0.682922 -1.062902 0.682922 -1.062902 
1.021018 0.767585 -0.920749 0.767585 -0.920749 
1.178097 0.822789 -0.810059 0.822789 -0.810059 
1.335177 0.860623 -0.722061 0.860623 -0.722061 
1.492257 0.887616 -0.650717 0.887616 -0.650717 
1.649336 0.907517 -0.591853 0.907517 -0.591853 
1.806416 0.922595 -0.542539 0.922595 -0.542539 
1.963495 0.934283 -0.500670 0.934283 -0.500670 
2.120575 0.943522 -0.464706 0.943522 -0.464706 
2.277655 0.950948 -0.433498 0.950948 -0.433498 
2.434734 0.957005 -0.406171 0.957005 -0.406171 
2.591814 0.962010 -0.382052 0.962010 -0.382052 
2.748894 0.966190 -0.360613 0.966190 -0.360613 
2.905973 0.969719 -0.341433 0.969719 -0.341433 
3.063053 0.972724 -0.324177 0.972724 -0.324177 
3.220132 0.975304 -0.308570 0.975304 -0.308570 
3.377212 0.977534 -0.294388 0.977534 -0.294388 
3.534292 0.979477 -0.281446 0.979477 -0.281446 
3.691371 0.981178 -0.269588 0.981178 -0.269588 
3.848451 0.982676 -0.258685 0.982676 -0.258685 
4.005531 0.984003 -0.248626 0.984003 -0.248626 
4.162610 0.985183 -0.239316 0.985183 -0.239316 
4.319690 0.986237 -0.230677 0.986237 -0.230677 
4.476770 0.987183 -0.222637 0.987183 -0.222637 
4.633849 0.988035 -0.215138 0.988035 -0.215138 
4.790929 0.988804 -0.208126 0.988804 -0.208126 
4.948008 0.989502 -0.201555 0.989502 -0.201555 
5.105088 0.990136 -0.195385 0.990136 -0.195385 
5.262168 0.990715 -0.189581 0.990715 -0.189581 
5.419247 0.991244 -0.184111 0.991244 -0.184111 
5.576327 0.991729 -0.178947 0.991729 -0.178947 
5.733407 0.992176 -0.174065 0.992176 -0.174065 
5.890486 0.992587 -0.169441 0.992587 -0.169441 
6.047566 0.992966 -0.165056 0.992966 -0.165056 
6.204645 0.993317 -0.160892 0.993317 -0.160892 
6.361725 0.993642 -0.156933 0.993642 -0.156933 
6.518805 0.993945 -0.153163 0.993945 -0.153163 
6.675884 0.994226 -0.149570 0.994226 -0.149570 
6.832964 0.994488 -0.146141 0.994488 -0.146141 
6.990044 0.994732 -0.142866 0.994732 -0.142866 
7.147123 0.994961 -0.139735 0.994961 -0.139735 
7.304203 0.995175 -0.136737 0.995175 -0.136737 
7.461283 0.995376 -0.133865 0.995376 -0.133865 
7.618362 0.995565 -0.131112 0.995565 -0.131112 
7.775442 0.995742 -0.128469 0.995742 -0.128469 
7.932521 0.995909 -0.125930 0.995909 -0.125930 
8.089601 0.996066 -0.123490 0.996066 -0.123490 
8.246681 0.996214 -0.121143 0.996214 -0.121143 
8.403760 0.996354 -0.118883 0.996354 -0.118883 
8.560840 0.996487 -0.116705 0.996487 -0.116705 
8.717920 0.996612 -0.114606 0.996612 -0.114606 
8.874999 0.996731 -0.112581 0.996731 -0.112581 
9.032079 0.996843 -0.110626 0.996843 -0.110626 
9.189159 0.996950 -0.108738 0.996950 -0.108738 
9.346238 0.997052 -0.106914 0.997052 -0.106914 
9.503318 0.997148 -0.105149 0.997148 -0.105149 
9.660397 0.997240 -0.103442 0.997240 -0.103442 
9.817477 0.997328 -0.101789 0.997328 -0.101789 
9.974557 0.997411 -0.100188 0.997411 -0.100188 
10.131636 0.997491 -0.098637 0.997491 -0.098637 
10.288716 0.997567 -0.097133 0.997567 -0.097133 
10.445796 0.997639 -0.095674 0.997639 -0.095674 
10.602875 0.997709 -0.094258 0.997709 -0.094258 
10.759955 0.997775 -0.092884 0.997775 -0.092884 
10.917034 0.997839 -0.091549 0.997839 -0.091549 
11.074114 0.997900 -0.090252 0.997900 -0.090252 
11.231194 0.997958 -0.088991 0.997958 -0.088991 
11.388273 0.998014 -0.087765 0.998014 -0.087765 
11.545353 0.998067 -0.086572 0.998067 -0.086572 
11.702433 0.998119 -0.085411 0.998119 -0.085411 
11.859512 0.998168 -0.084281 0.998168 -0.084281 
12.016592 0.998216 -0.083180 0.998216 -0.083180 
12.173672 0.998262 -0.082108 0.998262 -0.082108 
12.330751 0.998306 -0.081063 0.998306 -0.081063 
12.487831 0.998348 -0.080044 0.998348 -0.080044 
12.644910 0.998389 -0.079050 0.998389 -0.079050 
12.801990 0.998428 -0.078081 0.998428 -0.078081 
12.959070 0.998466 -0.077136 0.998466 -0.077136 
13.116149 0.998502 -0.076212 0.998502 -0.076212 
13.273229 0.998538 -0.075311 0.998538 -0.075311 
13.430309 0.998572 -0.074431 0.998572 -0.074431 
13.587388 0.998605 -0.073571 0.998605 -0.073571 
13.744468 0.998636 -0.072731 0.998636 -0.072731 
13.901547 0.998667 -0.071910 0.998667 -0.071910 
14.058627 0.998696 -0.071107 0.998696 -0.071107 
14.215707 0.998725 -0.070322 0.998725 -0.070322 
14.372786 0.998753 -0.069554 0.998753 -0.069554 
14.529866 0.998780 -0.068802 0.998780 -0.068802 
14.686946 0.998806 -0.068067 0.998806 -0.068067 
14.844025 0.998831 -0.067347 0.998831 -0.067347 
15.001105 0.998855 -0.066642 0.998855 -0.066642 
15.158185 0.998879 -0.065952 0.998879 -0.065952 
15.315264 0.998902 -0.065276 0.998902 -0.065276 
15.472344 0.998924 -0.064614 0.998924 -0.064614 
15.629423 0.998945 -0.063964 0.998945 -0.063964 
15.786503 0.998966 -0.063328 0.998966 -0.063328 
15.943583 0.998986 -0.062705 0.998986 -0.062705 
16.100662 0.999006 -0.062093 0.999006 -0.062093 
16.257742 0.999025 -0.061494 0.999025 -0.061494 
16.414822 0.999044 -0.060906 0.999044 -0.060906 
16.571901 0.999062 -0.060329 0.999062 -0.060329 
16.728981 0.999079 -0.059762 0.999079 -0.059762 
16.886061 0.999096 -0.059207 0.999096 -0.059207 
17.043140 0.999113 -0.058661 0.999113 -0.058661 
17.200220 0.999129 -0.058126 0.999129 -0.058126 
17.357299 0.999145 -0.057600 0.999145 -0.057600 
17.514379 0.999160 -0.057084 0.999160 -0.057084 
17.671459 0.999175 -0.056576 0.999175 -0.056576 
17.828538 0.999189 -0.056078 0.999189 -0.056078 
17.985618 0.999203 -0.055589 0.999203 -0.055589 
18.142698 0.999217 -0.055107 0.999217 -0.055107 
18.299777 0.999231 -0.054635 0.999231 -0.054635 
18.456857 0.999244 -0.054170 0.999244 -0.054170 
18.613936 0.999256 -0.053713 0.999256 -0.053713 
18.771016 0.999269 -0.053264 0.999269 -0.053264 
18.928096 0.999281 -0.052822 0.999281 -0.052822 
19.085175 0.999293 -0.052387 0.999293 -0.052387 
19.242255 0.999304 -0.051960 0.999304 -0.051960 
19.399335 0.999315 -0.051539 0.999315 -0.051539 
19.556414 0.999326 -0.051125 0.999326 -0.051125 
19.713494 0.999337 -0.050718 0.999337 -0.050718 
19.870574 0.999347 -0.050317 0.999347 -0.050317 
20.027653 0.999358 -0.049923 0.999358 -0.049923 
20.184733 0.999368 -0.049534 0.999368 -0.049534 
20.341812 0.999377 -0.049152 0.999377 -0.049152 
20.498892 0.999387 -0.048775 0.999387 -0.048775 
20.655972 0.999396 -0.048405 0.999396 -0.048405 
20.813051 0.999405 -0.048039 0.999405 -0.048039 
20.970131 0.999414 -0.047680 0.999414 -0.047680 
21.127211 0.999423 -0.047325 0.999423 -0.047325 
21.284290 0.999431 -0.046976 0.999431 -0.046976 
21.441370 0.999439 -0.046632 0.999439 -0.046632 
21.598449 0.999448 -0.046293 0.999448 -0.046293 
21.755529 0.999456 -0.045959 0.999456 -0.045959 
21.912609 0.999463 -0.045630 0.999463 -0.045630 
22.069688 0.999471 -0.045305 0.999471 -0.045305 
22.226768 0.999478 -0.044985 0.999478 -0.044985 
22.383848 0.999486 -0.044669 0.999486 -0.044669 
22.540927 0.999493 -0.044358 0.999493 -0.044358 
22.698007 0.999500 -0.044051 0.999500 -0.044051 
22.855087 0.999507 -0.043748 0.999507 -0.043748 
23.012166 0.999513 -0.043450 0.999513 -0.043450 
23.169246 0.999520 -0.043155 0.999520 -0.043155 
23.326325 0.999526 -0.042865 0.999526 -0.042865 
23.483405 0.999533 -0.042578 0.999533 -0.042578 
23.640485 0.999539 -0.042295 0.999539 -0.042295 
23.797564 0.999545 -0.042016 0.999545 -0.042016 
23.954644 0.999551 -0.041741 0.999551 -0.041741 
24.111724 0.999557 -0.041469 0.999557 -0.041469 
24.268803 0.999562 -0.041201 0.999562 -0.041201 
24.425883 0.999568 -0.040936 0.999568 -0.040936 
24.582963 0.999574 -0.040674 0.999574 -0.040674 
24.740042 0.999579 -0.040416 0.999579 -0.040416 
24.897122 0.999584 -0.040161 0.999584 -0.040161 
25.054201 0.999589 -0.039909 0.999589 -0.039909 
25.211281 0.999595 -0.039661 0.999595 -0.039661 
25.368361 0.999600 -0.039415 0.999600 -0.039415 
25.525440 0.999604 -0.039173 0.999604 -0.039173 
25.682520 0.999609 -0.038933 0.999609 -0.038933 
25.839600 0.999614 -0.038696 0.999614 -0.038696 
25.996679 0.999619 -0.038463 0.999619 -0.038463 
26.153759 0.999623 -0.038232 0.999623 -0.038232 
26.310838 0.999628 -0.038004 0.999628 -0.038004 
26.467918 0.999632 -0.037778 0.999632 -0.037778 
26.624998 0.999636 -0.037555 0.999636 -0.037555 
26.782077 0.999641 -0.037335 0.999641 -0.037335 
26.939157 0.999645 -0.037117 0.999645 -0.037117 
27.096237 0.999649 -0.036902 0.999649 -0.036902 
27.253316 0.999653 -0.036690 0.999653 -0.036690 
27.410396 0.999657 -0.036479 0.999657 -0.036479 
27.567476 0.999661 -0.036271 0.999661 -0.036271 
27.724555 0.999665 -0.036066 0.999665 -0.036066 
27.881635 0.999669 -0.035863 0.999669 -0.035863 
28.038714 0.999672 -0.035662 0.999672 -0.035662 
28.195794 0.999676 -0.035463 0.999676 -0.035463 
28.352874 0.999679 -0.035267 0.999679 -0.035267 
28.509953 0.999683 -0.035073 0.999683 -0.035073 
28.667033 0.999686 -0.034880 0.999686 -0.034880 
28.824113 0.999690 -0.034690 0.999690 -0.034690 
28.981192 0.999693 -0.034502 0.999693 -0.034502 
29.138272 0.999696 -0.034316 0.999696 -0.034316 
29.295351 0.999700 -0.034132 0.999700 -0.034132 
29.452431 0.999703 -0.033950 0.999703 -0.033950 
29.609511 0.999706 -0.033770 0.999706 -0.033770 
29.766590 0.999709 -0.033592 0.999709 -0.033592 
29.923670 0.999712 -0.033416 0.999712 -0.033416 
30.080750 0.999715 -0.033241 0.999715 -0.033241 
30.237829 0.999718 -0.033069 0.999718 -0.033069 
30.394909 0.999721 -0.032898 0.999721 -0.032898 
30.551989 0.999724 -0.032729 0.999724 -0.032729 
30.709068 0.999727 -0.032561 0.999727 -0.032561 
30.866148 0.999730 -0.032396 0.999730 -0.032396 
31.023227 0.999732 -0.032232 0.999732 -0.032232 
31.180307 0.999735 -0.032069 0.999735 -0.032069 
31.337387 0.999738 -0.031909 0.999738 -0.031909 
31.494466 0.999740 -0.031749 0.999740 -0.031749 
31.651546 0.999743 -0.031592 0.999743 -0.031592 
31.808626 0.999745 -0.031436 0.999745 -0.031436 
31.965705 0.999748 -0.031281 0.999748 -0.031281 
32.122785 0.999750 -0.031129 0.999750 -0.031129 
32.279865 0.999753 -0.030977 0.999753 -0.030977 
32.436944 0.999755 -0.030827 0.999755 -0.030827 
32.594024 0.999757 -0.030679 0.999757 -0.030679 
32.751103 0.999760 -0.030531 0.999760 -0.030531 
32.908183 0.999762 -0.030386 0.999762 -0.030386 
33.065263 0.999764 -0.030241 0.999764 -0.030241 
33.222342 0.999767 -0.030098 0.999767 -0.030098 
33.379422 0.999769 -0.029957 0.999769 -0.029957 
33.536502 0.999771 -0.029816 0.999771 -0.029816 
33.693581 0.999773 -0.029678 0.999773 -0.029678 
33.850661 0.999775 -0.029540 0.999775 -0.029540 
34.007740 0.999777 -0.029403 0.999777 -0.029403 
34.164820 0.999779 -0.029268 0.999779 -0.029268 
34.321900 0.999781 -0.029134 0.999781 -0.029134 
34.478979 0.999783 -0.029002 0.999783 -0.029002 
34.636059 0.999785 -0.028870 0.999785 -0.028870 
34.793139 0.999787 -0.028740 0.999787 -0.028740 
34.950218 0.999789 -0.028611 0.999789 -0.028611 
35.107298 0.999791 -0.028483 0.999791 -0.028483 
35.264378 0.999793 -0.028356 0.999793 -0.028356 
35.421457 0.999795 -0.028230 0.999795 -0.028230 
35.578537 0.999796 -0.028105 0.999796 -0.028105 
35.735616 0.999798 -0.027982 0.999798 -0.027982 
35.892696 0.999800 -0.027859 0.999800 -0.027859 
36.049776 0.999802 -0.027738 0.999802 -0.027738 
36.206855 0.999803 -0.027618 0.999803 -0.027618 
36.363935 0.999805 -0.027498 0.999805 -0.027498 
36.521015 0.999807 -0.027380 0.999807 -0.027380 
36.678094 0.999808 -0.027263 0.999808 -0.027263 
36.835174 0.999810 -0.027147 0.999810 -0.027147 
36.992253 0.999812 -0.027031 0.999812 -0.027031 
37.149333 0.999813 -0.026917 0.999813 -0.026917 
37.306413 0.999815 -0.026804 0.999815 -0.026804 
37.463492 0.999816 -0.026691 0.999816 -0.026691 
37.620572 0.999818 -0.026580 0.999818 -0.026580 
37.777652 0.999819 -0.026469 0.999819 -0.026469 
37.934731 0.999821 -0.026360 0.999821 -0.026360 
38.091811 0.999822 -0.026251 0.999822 -0.026251 
38.248891 0.999824 -0.026143 0.999824 -0.026143 
38.405970 0.999825 -0.026036 0.999825 -0.026036 
38.563050 0.999827 -0.025930 0.999827 -0.025930 
38.720129 0.999828 -0.025825 0.999828 -0.025825 
38.877209 0.999829 -0.025721 0.999829 -0.025721 
39.034289 0.999831 -0.025617 0.999831 -0.025617 
39.191368 0.999832 -0.025515 0.999832 -0.025515 
39.348448 0.999834 -0.025413 0.999834 -0.025413 
39.505528 0.999835 -0.025312 0.999835 -0.025312 
39.662607 0.999836 -0.025212 0.999836 -0.025212 
39.819687 0.999837 -0.025112 0.999837 -0.025112 
39.976767 0.999839 -0.025013 0.999839 -0.025013 
40.133846 0.999840 -0.024916 0.999840 -0.024916 
40.290926 0.999841 -0.024818 0.999841 -0.024818 
40.448005 0.999842 -0.024722 0.999842 -0.024722 
40.605085 0.999844 -0.024626 0.999844 -0.024626 
40.762165 0.999845 -0.024532 0.999845 -0.024532 
40.919244 0.999846 -0.024437 0.999846 -0.024437 
41.076324 0.999847 -0.024344 0.999847 -0.024344 
41.233404 0.999848 -0.024251 0.999848 -0.024251 
41.390483 0.999850 -0.024159 0.999850 -0.024159 
41.547563 0.999851 -0.024068 0.999851 -0.024068 
41.704642 0.999852 -0.023977 0.999852 -0.023977 
41.861722 0.999853 -0.023887 0.999853 -0.023887 
42.018802 0.999854 -0.023798 0.999854 -0.023798 
42.175881 0.999855 -0.023709 0.999855 -0.023709 
42.332961 0.999856 -0.023621 0.999856 -0.023621 
42.490041 0.999857 -0.023534 0.999857 -0.023534 
42.647120 0.999858 -0.023447 0.999858 -0.023447 
42.804200 0.999859 -0.023361 0.999859 -0.023361 
42.961280 0.999860 -0.023276 0.999860 -0.023276 
43.118359 0.999861 -0.023191 0.999861 -0.023191 
43.275439 0.999862 -0.023107 0.999862 -0.023107 
43.432518 0.999863 -0.023023 0.999863 -0.023023 
43.589598 0.999864 -0.022940 0.999864 -0.022940 
43.746678 0.999865 -0.022858 0.999865 -0.022858 
43.903757 0.999866 -0.022776 0.999866 -0.022776 
44.060837 0.999867 -0.022695 0.999867 -0.022695 
44.217917 0.999868 -0.022614 0.999868 -0.022614 
44.374996 0.999869 -0.022534 0.999869 -0.022534 
44.532076 0.999870 -0.022455 0.999870 -0.022455 
44.689155 0.999871 -0.022376 0.999871 -0.022376 
44.846235 0.999872 -0.022298 0.999872 -0.022298 
45.003315 0.999873 -0.022220 0.999873 -0.022220 
45.160394 0.999874 -0.022143 0.999874 -0.022143 
45.317474 0.999875 -0.022066 0.999875 -0.022066 
45.474554 0.999875 -0.021990 0.999875 -0.021990 
45.631633 0.999876 -0.021914 0.999876 -0.021914 
45.788713 0.999877 -0.021839 0.999877 -0.021839 
45.945793 0.999878 -0.021764 0.999878 -0.021764 
46.102872 0.999879 -0.021690 0.999879 -0.021690 
46.259952 0.999880 -0.021616 0.999880 -0.021616 
46.417031 0.999880 -0.021543 0.999880 -0.021543 
46.574111 0.999881 -0.021470 0.999881 -0.021470 
46.731191 0.999882 -0.021398 0.999882 -0.021398 
46.888270 0.999883 -0.021327 0.999883 -0.021327 
47.045350 0.999884 -0.021255 0.999884 -0.021255 
47.202430 0.999884 -0.021185 0.999884 -0.021185 
47.359509 0.999885 -0.021114 0.999885 -0.021114 
47.516589 0.999886 -0.021045 0.999886 -0.021045 
47.673669 0.999887 -0.020975 0.999887 -0.020975 
47.830748 0.999887 -0.020906 0.999887 -0.020906 
47.987828 0.999888 -0.020838 0.999888 -0.020838 
48.144907 0.999889 -0.020770 0.999889 -0.020770 
48.301987 0.999890 -0.020702 0.999890 -0.020702 
48.459067 0.999890 -0.020635 0.999890 -0.020635 
48.616146 0.999891 -0.020569 0.999891 -0.020569 
48.773226 0.999892 -0.020502 0.999892 -0.020502 
48.930306 0.999892 -0.020437 0.999892 -0.020437 
49.087385 0.999893 -0.020371 0.999893 -0.020371 
49.244465 0.999894 -0.020306 0.999894 -0.020306 
49.401544 0.999894 -0.020242 0.999894 -0.020242 
49.558624 0.999895 -0.020178 0.999895 -0.020178 
49.715704 0.999896 -0.020114 0.999896 -0.020114 
49.872783 0.999896 -0.020050 0.999896 -0.020050 
50.029863 0.999897 -0.019988 0.999897 -0.019988 
50.186943 0.999898 -0.019925 0.999898 -0.019925 
50.344022 0.999898 -0.019863 0.999898 -0.019863 
50.501102 0.999899 -0.019801 0.999899 -0.019801 
50.658182 0.999900 -0.019740 0.999900 -0.019740 
50.815261 0.999900 -0.019679 0.999900 -0.019679 
50.972341 0.999901 -0.019618 0.999901 -0.019618 
51.129420 0.999901 -0.019558 0.999901 -0.019558 
51.286500 0.999902 -0.019498 0.999902 -0.019498 
51.443580 0.999903 -0.019438 0.999903 -0.019438 
51.600659 0.999903 -0.019379 0.999903 -0.019379 
51.757739 0.999904 -0.019320 0.999904 -0.019320 
51.914819 0.999904 -0.019262 0.999904 -0.019262 
52.071898 0.999905 -0.019204 0.999905 -0.019204 
52.228978 0.999906 -0.019146 0.999906 -0.019146 
52.386057 0.999906 -0.019089 0.999906 -0.019089 
52.543137 0.999907 -0.019032 0.999907 -0.019032 
52.700217 0.999907 -0.018975 0.999907 -0.018975 
52.857296 0.999908 -0.018918 0.999908 -0.018918 
53.014376 0.999908 -0.018862 0.999908 -0.018862 
53.171456 0.999909 -0.018807 0.999909 -0.018807 
53.328535 0.999909 -0.018751 0.999909 -0.018751 
53.485615 0.999910 -0.018696 0.999910 -0.018696 
53.642695 0.999910 -0.018641 0.999910 -0.018641 
53.799774 0.999911 -0.018587 0.999911 -0.018587 
53.956854 0.999911 -0.018533 0.999911 -0.018533 
54.113933 0.999912 -0.018479 0.999912 -0.018479 
54.271013 0.999912 -0.018426 0.999912 -0.018426 
54.428093 0.999913 -0.018372 0.999913 -0.018372 
54.585172 0.999914 -0.018320 0.999914 -0.018320 
54.742252 0.999914 -0.018267 0.999914 -0.018267 
54.899332 0.999914 -0.018215 0.999914 -0.018215 
55.056411 0.999915 -0.018163 0.999915 -0.018163 
55.213491 0.999915 -0.018111 0.999915 -0.018111 
55.370571 0.999916 -0.018060 0.999916 -0.018060 
55.527650 0.999916 -0.018009 0.999916 -0.018009 
55.684730 0.999917 -0.017958 0.999917 -0.017958 
55.841809 0.999917 -0.017907 0.999917 -0.017907 
55.998889 0.999918 -0.017857 0.999918 -0.017857 
56.155969 0.999918 -0.017807 0.999918 -0.017807 
56.313048 0.999919 -0.017758 0.999919 -0.017758 
56.470128 0.999919 -0.017708 0.999919 -0.017708 
56.627208 0.999920 -0.017659 0.999920 -0.017659 
56.784287 0.999920 -0.017610 0.999920 -0.017610 
56.941367 0.999921 -0.017562 0.999921 -0.017562 
57.098446 0.999921 -0.017513 0.999921 -0.017513 
57.255526 0.999921 -0.017465 0.999921 -0.017465 
57.412606 0.999922 -0.017417 0.999922 -0.017417 
57.569685 0.999922 -0.017370 0.999922 -0.017370 
57.726765 0.999923 -0.017323 0.999923 -0.017323 
57.883845 0.999923 -0.017276 0.999923 -0.017276 
58.040924 0.999923 -0.017229 0.999923 -0.017229 
58.198004 0.999924 -0.017182 0.999924 -0.017182 
58.355084 0.999924 -0.017136 0.999924 -0.017136 
58.512163 0.999925 -0.017090 0.999925 -0.017090 
58.669243 0.999925 -0.017044 0.999925 -0.017044 
58.826322 0.999926 -0.016999 0.999926 -0.016999 
58.983402 0.999926 -0.016954 0.999926 -0.016954 
59.140482 0.999926 -0.016909 0.999926 -0.016909 
59.297561 0.999927 -0.016864 0.999927 -0.016864 
59.454641 0.999927 -0.016819 0.999927 -0.016819 
59.611721 0.999927 -0.016775 0.999927 -0.016775 
59.768800 0.999928 -0.016731 0.999928 -0.016731 
59.925880 0.999928 -0.016687 0.999928 -0.016687 
60.082959 0.999929 -0.016643 0.999929 -0.016643 
60.240039 0.999929 -0.016600 0.999929 -0.016600 
60.397119 0.999929 -0.016557 0.999929 -0.016557 
60.554198 0.999930 -0.016514 0.999930 -0.016514 
60.711278 0.999930 -0.016471 0.999930 -0.016471 
60.868358 0.999930 -0.016429 0.999930 -0.016429 
61.025437 0.999931 -0.016386 0.999931 -0.016386 
61.182517 0.999931 -0.016344 0.999931 -0.016344 
61.339597 0.999932 -0.016302 0.999932 -0.016302 
61.496676 0.999932 -0.016261 0.999932 -0.016261 
61.653756 0.999932 -0.016219 0.999932 -0.016219 
61.810835 0.999933 -0.016178 0.999933 -0.016178 
61.967915 0.999933 -0.016137 0.999933 -0.016137 
62.124995 0.999933 -0.016096 0.999933 -0.016096 
62.282074 0.999934 -0.016056 0.999934 -0.016056 
62.439154 0.999934 -0.016015 0.999934 -0.016015 
62.596234 0.999934 -0.015975 0.999934 -0.015975 
62.753313 0.999935 -0.015935 0.999935 -0.015935 
62.910393 0.999935 -0.015895 0.999935 -0.015895 
63.067473 0.999935 -0.015856 0.999935 -0.015856 
63.224552 0.999936 -0.015816 0.999936 -0.015816 
63.381632 0.999936 -0.015777 0.999936 -0.015777 
63.538711 0.999936 -0.015738 0.999936 -0.015738 
63.695791 0.999936 -0.015699 0.999936 -0.015699 
63.852871 0.999937 -0.015661 0.999937 -0.015661 
64.009950 0.999937 -0.015622 0.999937 -0.015622 
64.167030 0.999937 -0.015584 0.999937 -0.015584 
64.324110 0.999938 -0.015546 0.999938 -0.015546 
64.481189 0.999938 -0.015508 0.999938 -0.015508 
64.638269 0.999938 -0.015470 0.999938 -0.015470 
64.795348 0.999939 -0.015433 0.999939 -0.015433 
64.952428 0.999939 -0.015396 0.999939 -0.015396 
65.109508 0.999939 -0.015358 0.999939 -0.015358 
65.266587 0.999939 -0.015322 0.999939 -0.015322 
65.423667 0.999940 -0.015285 0.999940 -0.015285 
65.580747 0.999940 -0.015248 0.999940 -0.015248 
65.737826 0.999940 -0.015212 0.999940 -0.015212 
65.894906 0.999941 -0.015175 0.999941 -0.015175 
66.051986 0.999941 -0.015139 0.999941 -0.015139 
66.209065 0.999941 -0.015103 0.999941 -0.015103 
66.366145 0.999941 -0.015068 0.999941 -0.015068 
66.523224 0.999942 -0.015032 0.999942 -0.015032 
66.680304 0.999942 -0.014997 0.999942 -0.014997 
66.837384 0.999942 -0.014961 0.999942 -0.014961 
66.994463 0.999943 -0.014926 0.999943 -0.014926 
67.151543 0.999943 -0.014891 0.999943 -0.014891 
67.308623 0.999943 -0.014857 0.999943 -0.014857 
67.465702 0.999943 -0.014822 0.999943 -0.014822 
67.622782 0.999944 -0.014788 0.999944 -0.014788 
67.779862 0.999944 -0.014753 0.999944 -0.014753 
67.936941 0.999944 -0.014719 0.999944 -0.014719 
68.094021 0.999944 -0.014685 0.999944 -0.014685 
68.251100 0.999945 -0.014652 0.999945 -0.014652 
68.408180 0.999945 -0.014618 0.999945 -0.014618 
68.565260 0.999945 -0.014584 0.999945 -0.014584 
68.722339 0.999945 -0.014551 0.999945 -0.014551 
68.879419 0.999946 -0.014518 0.999946 -0.014518 
69.036499 0.999946 -0.014485 0.999946 -0.014485 
69.193578 0.999946 -0.014452 0.999946 -0.014452 
69.350658 0.999946 -0.014419 0.999946 -0.014419 
69.507737 0.999947 -0.014387 0.999947 -0.014387 
69.664817 0.999947 -0.014354 0.999947 -0.014354 
69.821897 0.999947 -0.014322 0.999947 -0.014322 
69.978976 0.999947 -0.014290 0.999947 -0.014290 
70.136056 0.999948 -0.014258 0.999948 -0.014258 
70.293136 0.999948 -0.014226 0.999948 -0.014226 
70.450215 0.999948 -0.014194 0.999948 -0.014194 
70.607295 0.999948 -0.014163 0.999948 -0.014163 
70.764375 0.999949 -0.014131 0.999949 -0.014131 
70.921454 0.999949 -0.014100 0.999949 -0.014100 
71.078534 0.999949 -0.014069 0.999949 -0.014069 
71.235613 0.999949 -0.014038 0.999949 -0.014038 
71.392693 0.999949 -0.014007 0.999949 -0.014007 
71.549773 0.999950 -0.013976 0.999950 -0.013976 
71.706852 0.999950 -0.013945 0.999950 -0.013945 
71.863932 0.999950 -0.013915 0.999950 -0.013915 
72.021012 0.999950 -0.013885 0.999950 -0.013885 
72.178091 0.999951 -0.013854 0.999951 -0.013854 
72.335171 0.999951 -0.013824 0.999951 -0.013824 
72.492250 0.999951 -0.013794 0.999951 -0.013794 
72.649330 0.999951 -0.013765 0.999951 -0.013765 
72.806410 0.999951 -0.013735 0.999951 -0.013735 
72.963489 0.999952 -0.013705 0.999952 -0.013705 
73.120569 0.999952 -0.013676 0.999952 -0.013676 
73.277649 0.999952 -0.013647 0.999952 -0.013647 
73.434728 0.999952 -0.013617 0.999952 -0.013617 
73.591808 0.999952 -0.013588 0.999952 -0.013588 
73.748888 0.999953 -0.013559 0.999953 -0.013559 
73.905967 0.999953 -0.013531 0.999953 -0.013531 
74.063047 0.999953 -0.013502 0.999953 -0.013502 
74.220126 0.999953 -0.013473 0.999953 -0.013473 
74.377206 0.999953 -0.013445 0.999953 -0.013445 
74.534286 0.999954 -0.013416 0.999954 -0.013416 
74.691365 0.999954 -0.013388 0.999954 -0.013388 
74.848445 0.999954 -0.013360 0.999954 -0.013360 
75.005525 0.999954 -0.013332 0.999954 -0.013332 
75.162604 0.999954 -0.013304 0.999954 -0.013304 
75.319684 0.999955 -0.013277 0.999955 -0.013277 
75.476764 0.999955 -0.013249 0.999955 -0.013249 
75.633843 0.999955 -0.013221 0.999955 -0.013221 
75.790923 0.999955 -0.013194 0.999955 -0.013194 
75.948002 0.999955 -0.013167 0.999955 -0.013167 
76.105082 0.999956 -0.013140 0.999956 -0.013140 
76.262162 0.999956 -0.013113 0.999956 -0.013113 
76.419241 0.999956 -0.013086 0.999956 -0.013086 
76.576321 0.999956 -0.013059 0.999956 -0.013059 
76.733401 0.999956 -0.013032 0.999956 -0.013032 
76.890480 0.999956 -0.013005 0.999956 -0.013005 
77.047560 0.999957 -0.012979 0.999957 -0.012979 
77.204639 0.999957 -0.012952 0.999957 -0.012952 
77.361719 0.999957 -0.012926 0.999957 -0.012926 
77.518799 0.999957 -0.012900 0.999957 -0.012900 
77.675878 0.999957 -0.012874 0.999957 -0.012874 
77.832958 0.999957 -0.012848 0.999957 -0.012848 
77.990038 0.999958 -0.012822 0.999958 -0.012822 
78.147117 0.999958 -0.012796 0.999958 -0.012796 
78.304197 0.999958 -0.012771 0.999958 -0.012771 
78.461277 0.999958 -0.012745 0.999958 -0.012745 
78.618356 0.999958 -0.012720 0.999958 -0.012720 
78.775436 0.999958 -0.012694 0.999958 -0.012694 
78.932515 0.999959 -0.012669 0.999959 -0.012669 
79.089595 0.999959 -0.012644 0.999959 -0.012644 
79.246675 0.999959 -0.012619 0.999959 -0.012619 
79.403754 0.999959 -0.012594 0.999959 -0.012594 
79.560834 0.999959 -0.012569 0.999959 -0.012569 
79.717914 0.999959 -0.012544 0.999959 -0.012544 
79.874993 0.999960 -0.012519 0.999960 -0.012519 
80.032073 0.999960 -0.012495 0.999960 -0.012495 
80.189152 0.999960 -0.012470 0.999960 -0.012470 
80.346232 0.999960 -0.012446 0.999960 -0.012446 
80.503312 0.999960 -0.012422 0.999960 -0.012422 
80.660391 0.999960 -0.012398 0.999960 -0.012398 
80.817471 0.999961 -0.012373 0.999961 -0.012373 
80.974551 0.999961 -0.012349 0.999961 -0.012349 
81.131630 0.999961 -0.012326 0.999961 -0.012326 
81.288710 0.999961 -0.012302 0.999961 -0.012302 
81.445790 0.999961 -0.012278 0.999961 -0.012278 
81.602869 0.999961 -0.012254 0.999961 -0.012254 
81.759949 0.999961 -0.012231 0.999961 -0.012231 
81.917028 0.999962 -0.012207 0.999962 -0.012207 
82.074108 0.999962 -0.012184 0.999962 -0.012184 
82.231188 0.999962 -0.012161 0.999962 -0.012161 
82.388267 0.999962 -0.012138 0.999962 -0.012138 
82.545347 0.999962 -0.012114 0.999962 -0.012114 
82.702427 0.999962 -0.012091 0.999962 -0.012091 
82.859506 0.999962 -0.012069 0.999962 -0.012069 
83.016586 0.999963 -0.012046 0.999963 -0.012046 
83.173666 0.999963 -0.012023 0.999963 -0.012023 
83.330745 0.999963 -0.012000 0.999963 -0.012000 
83.487825 0.999963 -0.011978 0.999963 -0.011978 
83.644904 0.999963 -0.011955 0.999963 -0.011955 
83.801984 0.999963 -0.011933 0.999963 -0.011933 
83.959064 0.999963 -0.011910 0.999963 -0.011910 
84.116143 0.999964 -0.011888 0.999964 -0.011888 
84.273223 0.999964 -0.011866 0.999964 -0.011866 
84.430303 0.999964 -0.011844 0.999964 -0.011844 
84.587382 0.999964 -0.011822 0.999964 -0.011822 
84.744462 0.999964 -0.011800 0.999964 -0.011800 
84.901541 0.999964 -0.011778 0.999964 -0.011778 
85.058621 0.999964 -0.011756 0.999964 -0.011756 
85.215701 0.999965 -0.011735 0.999965 -0.011735 
85.372780 0.999965 -0.011713 0.999965 -0.011713 
85.529860 0.999965 -0.011692 0.999965 -0.011692 
85.686940 0.999965 -0.011670 0.999965 -0.011670 
85.844019 0.999965 -0.011649 0.999965 -0.011649 
86.001099 0.999965 -0.011628 0.999965 -0.011628 
86.158179 0.999965 -0.011606 0.999965 -0.011606 
86.315258 0.999965 -0.011585 0.999965 -0.011585 
86.472338 0.999966 -0.011564 0.999966 -0.011564 
86.629417 0.999966 -0.011543 0.999966 -0.011543 
86.786497 0.999966 -0.011522 0.999966 -0.011522 
86.943577 0.999966 -0.011502 0.999966 -0.011502 
87.100656 0.999966 -0.011481 0.999966 -0.011481 
87.257736 0.999966 -0.011460 0.999966 -0.011460 
87.414816 0.999966 -0.011440 0.999966 -0.011440 
87.571895 0.999966 -0.011419 0.999966 -0.011419 
87.728975 0.999967 -0.011399 0.999967 -0.011399 
87.886054 0.999967 -0.011378 0.999967 -0.011378 
88.043134 0.999967 -0.011358 0.999967 -0.011358 
88.200214 0.999967 -0.011338 0.999967 -0.011338 
88.357293 0.999967 -0.011318 0.999967 -0.011318 
88.514373 0.999967 -0.011298 0.999967 -0.011298 
88.671453 0.999967 -0.011277 0.999967 -0.011277 
88.828532 0.999967 -0.011258 0.999967 -0.011258 
88.985612 0.999967 -0.011238 0.999967 -0.011238 
89.142692 0.999968 -0.011218 0.999968 -0.011218 
89.299771 0.999968 -0.011198 0.999968 -0.011198 
89.456851 0.999968 -0.011178 0.999968 -0.011178 
89.613930 0.999968 -0.011159 0.999968 -0.011159 
89.771010 0.999968 -0.011139 0.999968 -0.011139 
89.928090 0.999968 -0.011120 0.999968 -0.011120 
90.085169 0.999968 -0.011101 0.999968 -0.011101 
90.242249 0.999968 -0.011081 0.999968 -0.011081 
90.399329 0.999968 -0.011062 0.999968 -0.011062 
90.556408 0.999969 -0.011043 0.999969 -0.011043 
90.713488 0.999969 -0.011024 0.999969 -0.011024 
90.870568 0.999969 -0.011005 0.999969 -0.011005 
91.027647 0.999969 -0.010986 0.999969 -0.010986 
91.184727 0.999969 -0.010967 0.999969 -0.010967 
91.341806 0.999969 -0.010948 0.999969 -0.010948 
91.498886 0.999969 -0.010929 0.999969 -0.010929 
91.655966 0.999969 -0.010910 0.999969 -0.010910 
91.813045 0.999969 -0.010892 0.999969 -0.010892 
91.970125 0.999970 -0.010873 0.999970 -0.010873 
92.127205 0.999970 -0.010854 0.999970 -0.010854 
92.284284 0.999970 -0.010836 0.999970 -0.010836 
92.441364 0.999970 -0.010818 0.999970 -0.010818 
92.598443 0.999970 -0.010799 0.999970 -0.010799 
92.755523 0.999970 -0.010781 0.999970 -0.010781 
92.912603 0.999970 -0.010763 0.999970 -0.010763 
93.069682 0.999970 -0.010745 0.999970 -0.010745 
93.226762 0.999970 -0.010726 0.999970 -0.010726 
93.383842 0.999970 -0.010708 0.999970 -0.010708 
93.540921 0.999971 -0.010690 0.999971 -0.010690 
93.698001 0.999971 -0.010673 0.999971 -0.010673 
93.855081 0.999971 -0.010655 0.999971 -0.010655 
94.012160 0.999971 -0.010637 0.999971 -0.010637 
94.169240 0.999971 -0.010619 0.999971 -0.010619 
94.326319 0.999971 -0.010601 0.999971 -0.010601 
94.483399 0.999971 -0.010584 0.999971 -0.010584 
94.640479 0.999971 -0.010566 0.999971 -0.010566 
94.797558 0.999971 -0.010549 0.999971 -0.010549 
94.954638 0.999971 -0.010531 0.999971 -0.010531 
95.111718 0.999972 -0.010514 0.999972 -0.010514 
95.268797 0.999972 -0.010497 0.999972 -0.010497 
95.425877 0.999972 -0.010479 0.999972 -0.010479 
95.582956 0.999972 -0.010462 0.999972 -0.010462 
95.740036 0.999972 -0.010445 0.999972 -0.010445 
95.897116 0.999972 -0.010428 0.999972 -0.010428 
96.054195 0.999972 -0.010411 0.999972 -0.010411 
96.211275 0.999972 -0.010394 0.999972 -0.010394 
96.368355 0.999972 -0.010377 0.999972 -0.010377 
96.525434 0.999972 -0.010360 0.999972 -0.010360 
96.682514 0.999972 -0.010343 0.999972 -0.010343 
96.839594 0.999973 -0.010326 0.999973 -0.010326 
96.996673 0.999973 -0.010310 0.999973 -0.010310 
97.153753 0.999973 -0.010293 0.999973 -0.010293 
97.310832 0.999973 -0.010276 0.999973 -0.010276 
97.467912 0.999973 -0.010260 0.999973 -0.010260 
97.624992 0.999973 -0.010243 0.999973 -0.010243 
97.782071 0.999973 -0.010227 0.999973 -0.010227 
97.939151 0.999973 -0.010210 0.999973 -0.010210 
98.096231 0.999973 -0.010194 0.999973 -0.010194 
98.253310 0.999973 -0.010178 0.999973 -0.010178 
98.410390 0.999973 -0.010161 0.999973 -0.010161 
98.567470 0.999973 -0.010145 0.999973 -0.010145 
98.724549 0.999974 -0.010129 0.999974 -0.010129 
98.881629 0.999974 -0.010113 0.999974 -0.010113 
99.038708 0.999974 -0.010097 0.999974 -0.010097 
99.195788 0.999974 -0.010081 0.999974 -0.010081 
99.352868 0.999974 -0.010065 0.999974 -0.010065 
99.509947 0.999974 -0.010049 0.999974 -0.010049 
99.667027 0.999974 -0.010033 0.999974 -0.010033 
99.824107 0.999974 -0.010018 0.999974 -0.010018 
99.981186 0.999974 -0.010002 0.999974 -0.010002 
100.138266 0.999974 -0.009986 0.999974 -0.009986 
100.295345 0.999974 -0.009970 0.999974 -0.009970 
100.452425 0.999974 -0.009955 0.999974 -0.009955 
100.609505 0.999975 -0.009939 0.999975 -0.009939 
100.766584 0.999975 -0.009924 0.999975 -0.009924 
100.923664 0.999975 -0.009908 0.999975 -0.009908 
101.080744 0.999975 -0.009893 0.999975 -0.009893 
101.237823 0.999975 -0.009878 0.999975 -0.009878 
101.394903 0.999975 -0.009862 0.999975 -0.009862 
101.551983 0.999975 -0.009847 0.999975 -0.009847 
101.709062 0.999975 -0.009832 0.999975 -0.009832 
101.866142 0.999975 -0.009817 0.999975 -0.009817 
102.023221 0.999975 -0.009802 0.999975 -0.009802 
102.180301 0.999975 -0.009787 0.999975 -0.009787 
102.337381 0.999975 -0.009772 0.999975 -0.009772 
102.494460 0.999975 -0.009757 0.999975 -0.009757 
102.651540 0.999976 -0.009742 0.999976 -0.009742 
102.808620 0.999976 -0.009727 0.999976 -0.009727 
102.965699 0.999976 -0.009712 0.999976 -0.009712 
103.122779 0.999976 -0.009697 0.999976 -0.009697 
103.279858 0.999976 -0.009682 0.999976 -0.009682 
103.436938 0.999976 -0.009668 0.999976 -0.009668 
103.594018 0.999976 -0.009653 0.999976 -0.009653 
103.751097 0.999976 -0.009638 0.999976 -0.009638 
103.908177 0.999976 -0.009624 0.999976 -0.009624 
104.065257 0.999976 -0.009609 0.999976 -0.009609 
104.222336 0.999976 -0.009595 0.999976 -0.009595 
104.379416 0.999976 -0.009580 0.999976 -0.009580 
104.536496 0.999976 -0.009566 0.999976 -0.009566 
104.693575 0.999976 -0.009552 0.999976 -0.009552 
104.850655 0.999977 -0.009537 0.999977 -0.009537 
105.007734 0.999977 -0.009523 0.999977 -0.009523 
105.164814 0.999977 -0.009509 0.999977 -0.009509 
105.321894 0.999977 -0.009495 0.999977 -0.009495 
105.478973 0.999977 -0.009481 0.999977 -0.009481 
105.636053 0.999977 -0.009466 0.999977 -0.009466 
105.793133 0.999977 -0.009452 0.999977 -0.009452 
105.950212 0.999977 -0.009438 0.999977 -0.009438 
106.107292 0.999977 -0.009424 0.999977 -0.009424 
106.264372 0.999977 -0.009410 0.999977 -0.009410 
106.421451 0.999977 -0.009397 0.999977 -0.009397 
106.578531 0.999977 -0.009383 0.999977 -0.009383 
106.735610 0.999977 -0.009369 0.999977 -0.009369 
106.892690 0.999977 -0.009355 0.999977 -0.009355 
107.049770 0.999978 -0.009341 0.999978 -0.009341 
107.206849 0.999978 -0.009328 0.999978 -0.009328 
107.363929 0.999978 -0.009314 0.999978 -0.009314 
107.521009 0.999978 -0.009300 0.999978 -0.009300 
107.678088 0.999978 -0.009287 0.999978 -0.009287 
107.835168 0.999978 -0.009273 0.999978 -0.009273 
107.992247 0.999978 -0.009260 0.999978 -0.009260 
108.149327 0.999978 -0.009246 0.999978 -0.009246 
108.306407 0.999978 -0.009233 0.999978 -0.009233 
108.463486 0.999978 -0.009220 0.999978 -0.009220 
108.620566 0.999978 -0.009206 0.999978 -0.009206 
108.777646 0.999978 -0.009193 0.999978 -0.009193 
108.934725 0.999978 -0.009180 0.999978 -0.009180 
109.091805 0.999978 -0.009167 0.999978 -0.009167 
109.248885 0.999978 -0.009153 0.999978 -0.009153 
109.405964 0.999978 -0.009140 0.999978 -0.009140 
109.563044 0.999979 -0.009127 0.999979 -0.009127 
109.720123 0.999979 -0.009114 0.999979 -0.009114 
109.877203 0.999979 -0.009101 0.999979 -0.009101 
110.034283 0.999979 -0.009088 0.999979 -0.009088 
110.191362 0.999979 -0.009075 0.999979 -0.009075 
110.348442 0.999979 -0.009062 0.999979 -0.009062 
110.505522 0.999979 -0.009049 0.999979 -0.009049 
110.662601 0.999979 -0.009036 0.999979 -0.009036 
110.819681 0.999979 -0.009024 0.999979 -0.009024 
110.976760 0.999979 -0.009011 0.999979 -0.009011 
111.133840 0.999979 -0.008998 0.999979 -0.008998 
111.290920 0.999979 -0.008985 0.999979 -0.008985 
111.447999 0.999979 -0.008973 0.999979 -0.008973 
111.605079 0.999979 -0.008960 0.999979 -0.008960 
111.762159 0.999979 -0.008948 0.999979 -0.008948 
111.919238 0.999979 -0.008935 0.999979 -0.008935 
112.076318 0.999979 -0.008922 0.999979 -0.008922 
112.233398 0.999980 -0.008910 0.999980 -0.008910 
112.390477 0.999980 -0.008898 0.999980 -0.008898 
112.547557 0.999980 -0.008885 0.999980 -0.008885 
112.704636 0.999980 -0.008873 0.999980 -0.008873 
112.861716 0.999980 -0.008860 0.999980 -0.008860 
113.018796 0.999980 -0.008848 0.999980 -0.008848 
113.175875 0.999980 -0.008836 0.999980 -0.008836 
113.332955 0.999980 -0.008824 0.999980 -0.008824 
113.490035 0.999980 -0.008811 0.999980 -0.008811 
113.647114 0.999980 -0.008799 0.999980 -0.008799 
113.804194 0.999980 -0.008787 0.999980 -0.008787 
113.961274 0.999980 -0.008775 0.999980 -0.008775 
114.118353 0.999980 -0.008763 0.999980 -0.008763 
114.275433 0.999980 -0.008751 0.999980 -0.008751 
114.432512 0.999980 -0.008739 0.999980 -0.008739 
114.589592 0.999980 -0.008727 0.999980 -0.008727 
114.746672 0.999980 -0.008715 0.999980 -0.008715 
114.903751 0.999980 -0.008703 0.999980 -0.008703 
115.060831 0.999981 -0.008691 0.999981 -0.008691 
115.217911 0.999981 -0.008679 0.999981 -0.008679 
115.374990 0.999981 -0.008667 0.999981 -0.008667 
115.532070 0.999981 -0.008656 0.999981 -0.008656 
115.689149 0.999981 -0.008644 0.999981 -0.008644 
115.846229 0.999981 -0.008632 0.999981 -0.008632 
116.003309 0.999981 -0.008620 0.999981 -0.008620 
116.160388 0.999981 -0.008609 0.999981 -0.008609 
116.317468 0.999981 -0.008597 0.999981 -0.008597 
116.474548 0.999981 -0.008586 0.999981 -0.008586 
116.631627 0.999981 -0.008574 0.999981 -0.008574 
116.788707 0.999981 -0.008562 0.999981 -0.008562 
116.945787 0.999981 -0.008551 0.999981 -0.008551 
117.102866 0.999981 -0.008539 0.999981 -0.008539 
117.259946 0.999981 -0.008528 0.999981 -0.008528 
117.417025 0.999981 -0.008517 0.999981 -0.008517 
117.574105 0.999981 -0.008505 0.999981 -0.008505 
117.731185 0.999981 -0.008494 0.999981 -0.008494 
117.888264 0.999981 -0.008483 0.999981 -0.008483 
118.045344 0.999982 -0.008471 0.999982 -0.008471 
118.202424 0.999982 -0.008460 0.999982 -0.008460 
118.359503 0.999982 -0.008449 0.999982 -0.008449 
118.516583 0.999982 -0.008438 0.999982 -0.008438 
118.673662 0.999982 -0.008426 0.999982 -0.008426 
118.830742 0.999982 -0.008415 0.999982 -0.008415 
118.987822 0.999982 -0.008404 0.999982 -0.008404 
119.144901 0.999982 -0.008393 0.999982 -0.008393 
119.301981 0.999982 -0.008382 0.999982 -0.008382 
119.459061 0.999982 -0.008371 0.999982 -0.008371 
119.616140 0.999982 -0.008360 0.999982 -0.008360 
119.773220 0.999982 -0.008349 0.999982 -0.008349 
119.930300 0.999982 -0.008338 0.999982 -0.008338 
120.087379 0.999982 -0.008327 0.999982 -0.008327 
120.244459 0.999982 -0.008316 0.999982 -0.008316 
120.401538 0.999982 -0.008306 0.999982 -0.008306 
120.558618 0.999982 -0.008295 0.999982 -0.008295 
120.715698 0.999982 -0.008284 0.999982 -0.008284 
120.872777 0.999982 -0.008273 0.999982 -0.008273 
121.029857 0.999982 -0.008262 0.999982 -0.008262 
121.186937 0.999982 -0.008252 0.999982 -0.008252 
121.344016 0.999982 -0.008241 0.999982 -0.008241 
121.501096 0.999983 -0.008230 0.999983 -0.008230 
121.658176 0.999983 -0.008220 0.999983 -0.008220 
121.815255 0.999983 -0.008209 0.999983 -0.008209 
121.972335 0.999983 -0.008199 0.999983 -0.008199 
122.129414 0.999983 -0.008188 0.999983 -0.008188 
122.286494 0.999983 -0.008177 0.999983 -0.008177 
122.443574 0.999983 -0.008167 0.999983 -0.008167 
122.600653 0.999983 -0.008157 0.999983 -0.008157 
122.757733 0.999983 -0.008146 0.999983 -0.008146 
122.914813 0.999983 -0.008136 0.999983 -0.008136 
123.071892 0.999983 -0.008125 0.999983 -0.008125 
123.228972 0.999983 -0.008115 0.999983 -0.008115 
123.386051 0.999983 -0.008105 0.999983 -0.008105 
123.543131 0.999983 -0.008094 0.999983 -0.008094 
123.700211 0.999983 -0.008084 0.999983 -0.008084 
123.857290 0.999983 -0.008074 0.999983 -0.008074 
124.014370 0.999983 -0.008064 0.999983 -0.008064 
124.171450 0.999983 -0.008053 0.999983 -0.008053 
124.328529 0.999983 -0.008043 0.999983 -0.008043 
124.485609 0.999983 -0.008033 0.999983 -0.008033 
124.642689 0.999983 -0.008023 0.999983 -0.008023 
124.799768 0.999983 -0.008013 0.999983 -0.008013 
124.956848 0.999983 -0.008003 0.999983 -0.008003 
125.113927 0.999984 -0.007993 0.999984 -0.007993 
125.271007 0.999984 -0.007983 0.999984 -0.007983 
125.428087 0.999984 -0.007973 0.999984 -0.007973 
125.585166 0.999984 -0.007963 0.999984 -0.007963 
125.742246 0.999984 -0.007953 0.999984 -0.007953 
125.899326 0.999984 -0.007943 0.999984 -0.007943 
126.056405 0.999984 -0.007933 0.999984 -0.007933 
126.213485 0.999984 -0.007923 0.999984 -0.007923 
126.370564 0.999984 -0.007913 0.999984 -0.007913 
126.527644 0.999984 -0.007903 0.999984 -0.007903 
126.684724 0.999984 -0.007894 0.999984 -0.007894 
126.841803 0.999984 -0.007884 0.999984 -0.007884 
126.998883 0.999984 -0.007874 0.999984 -0.007874 
127.155963 0.999984 -0.007864 0.999984 -0.007864 
127.313042 0.999984 -0.007855 0.999984 -0.007855 
127.470122 0.999984 -0.007845 0.999984 -0.007845 
127.627202 0.999984 -0.007835 0.999984 -0.007835 
127.784281 0.999984 -0.007826 0.999984 -0.007826 
127.941361 0.999984 -0.007816 0.999984 -0.007816 
128.098440 0.999984 -0.007806 0.999984 -0.007806 
128.255520 0.999984 -0.007797 0.999984 -0.007797 
128.412600 0.999984 -0.007787 0.999984 -0.007787 
128.569679 0.999984 -0.007778 0.999984 -0.007778 
128.726759 0.999984 -0.007768 0.999984 -0.007768 
128.883839 0.999984 -0.007759 0.999984 -0.007759 
129.040918 0.999985 -0.007749 0.999985 -0.007749 
129.197998 0.999985 -0.007740 0.999985 -0.007740 
129.355078 0.999985 -0.007731 0.999985 -0.007731 
129.512157 0.999985 -0.007721 0.999985 -0.007721 
129.669237 0.999985 -0.007712 0.999985 -0.007712 
129.826316 0.999985 -0.007703 0.999985 -0.007703 
129.983396 0.999985 -0.007693 0.999985 -0.007693 
130.140476 0.999985 -0.007684 0.999985 -0.007684 
130.297555 0.999985 -0.007675 0.999985 -0.007675 
130.454635 0.999985 -0.007665 0.999985 -0.007665 
130.611715 0.999985 -0.007656 0.999985 -0.007656 
130.768794 0.999985 -0.007647 0.999985 -0.007647 
130.925874 0.999985 -0.007638 0.999985 -0.007638 
131.082953 0.999985 -0.007629 0.999985 -0.007629 
131.240033 0.999985 -0.007620 0.999985 -0.007620 
131.397113 0.999985 -0.007610 0.999985 -0.007610 
131.554192 0.999985 -0.007601 0.999985 -0.007601 
131.711272 0.999985 -0.007592 0.999985 -0.007592 
131.868352 0.999985 -0.007583 0.999985 -0.007583 
132.025431 0.999985 -0.007574 0.999985 -0.007574 
132.182511 0.999985 -0.007565 0.999985 -0.007565 
132.339591 0.999985 -0.007556 0.999985 -0.007556 
132.496670 0.999985 -0.007547 0.999985 -0.007547 
132.653750 0.999985 -0.007538 0.999985 -0.007538 
132.810829 0.999985 -0.007529 0.999985 -0.007529 
132.967909 0.999985 -0.007521 0.999985 -0.007521 
133.124989 0.999985 -0.007512 0.999985 -0.007512 
133.282068 0.999985 -0.007503 0.999985 -0.007503 
133.439148 0.999986 -0.007494 0.999986 -0.007494 
133.596228 0.999986 -0.007485 0.999986 -0.007485 
133.753307 0.999986 -0.007476 0.999986 -0.007476 
133.910387 0.999986 -0.007468 0.999986 -0.007468 
134.067466 0.999986 -0.007459 0.999986 -0.007459 
134.224546 0.999986 -0.007450 0.999986 -0.007450 
134.381626 0.999986 -0.007441 0.999986 -0.007441 
134.538705 0.999986 -0.007433 0.999986 -0.007433 
134.695785 0.999986 -0.007424 0.999986 -0.007424 
134.852865 0.999986 -0.007415 0.999986 -0.007415 
135.009944 0.999986 -0.007407 0.999986 -0.007407 
135.167024 0.999986 -0.007398 0.999986 -0.007398 
135.324104 0.999986 -0.007390 0.999986 -0.007390 
135.481183 0.999986 -0.007381 0.999986 -0.007381 
135.638263 0.999986 -0.007373 0.999986 -0.007373 
135.795342 0.999986 -0.007364 0.999986 -0.007364 
135.952422 0.999986 -0.007355 0.999986 -0.007355 
136.109502 0.999986 -0.007347 0.999986 -0.007347 
136.266581 0.999986 -0.007339 0.999986 -0.007339 
136.423661 0.999986 -0.007330 0.999986 -0.007330 
136.580741 0.999986 -0.007322 0.999986 -0.007322 
136.737820 0.999986 -0.007313 0.999986 -0.007313 
136.894900 0.999986 -0.007305 0.999986 -0.007305 
137.051980 0.999986 -0.007296 0.999986 -0.007296 
137.209059 0.999986 -0.007288 0.999986 -0.007288 
137.366139 0.999986 -0.007280 0.999986 -0.007280 
137.523218 0.999986 -0.007271 0.999986 -0.007271 
137.680298 0.999986 -0.007263 0.999986 -0.007263 
137.837378 0.999986 -0.007255 0.999986 -0.007255 
137.994457 0.999986 -0.007247 0.999986 -0.007247 
138.151537 0.999986 -0.007238 0.999986 -0.007238 
138.308617 0.999987 -0.007230 0.999987 -0.007230 
138.465696 0.999987 -0.007222 0.999987 -0.007222 
138.622776 0.999987 -0.007214 0.999987 -0.007214 
138.779855 0.999987 -0.007206 0.999987 -0.007206 
138.936935 0.999987 -0.007197 0.999987 -0.007197 
139.094015 0.999987 -0.007189 0.999987 -0.007189 
139.251094 0.999987 -0.007181 0.999987 -0.007181 
139.408174 0.999987 -0.007173 0.999987 -0.007173 
139.565254 0.999987 -0.007165 0.999987 -0.007165 
139.722333 0.999987 -0.007157 0.999987 -0.007157 
139.879413 0.999987 -0.007149 0.999987 -0.007149 
140.036493 0.999987 -0.007141 0.999987 -0.007141 
140.193572 0.999987 -0.007133 0.999987 -0.007133 
140.350652 0.999987 -0.007125 0.999987 -0.007125 
140.507731 0.999987 -0.007117 0.999987 -0.007117 
140.664811 0.999987 -0.007109 0.999987 -0.007109 
140.821891 0.999987 -0.007101 0.999987 -0.007101 
140.978970 0.999987 -0.007093 0.999987 -0.007093 
141.136050 0.999987 -0.007085 0.999987 -0.007085 
141.293130 0.999987 -0.007077 0.999987 -0.007077 
141.450209 0.999987 -0.007070 0.999987 -0.007070 
141.607289 0.999987 -0.007062 0.999987 -0.007062 
141.764368 0.999987 -0.007054 0.999987 -0.007054 
141.921448 0.999987 -0.007046 0.999987 -0.007046 
142.078528 0.999987 -0.007038 0.999987 -0.007038 
142.235607 0.999987 -0.007031 0.999987 -0.007031 
142.392687 0.999987 -0.007023 0.999987 -0.007023 
142.549767 0.999987 -0.007015 0.999987 -0.007015 
142.706846 0.999987 -0.007007 0.999987 -0.007007 
142.863926 0.999987 -0.007000 0.999987 -0.007000 
143.021006 0.999987 -0.006992 0.999987 -0.006992 
143.178085 0.999987 -0.006984 0.999987 -0.006984 
143.335165 0.999987 -0.006977 0.999987 -0.006977 
143.492244 0.999987 -0.006969 0.999987 -0.006969 
143.649324 0.999988 -0.006961 0.999988 -0.006961 
143.806404 0.999988 -0.006954 0.999988 -0.006954 
143.963483 0.999988 -0.006946 0.999988 -0.006946 
144.120563 0.999988 -0.006939 0.999988 -0.006939 
144.277643 0.999988 -0.006931 0.999988 -0.006931 
144.434722 0.999988 -0.006924 0.999988 -0.006924 
144.591802 0.999988 -0.006916 0.999988 -0.006916 
144.748882 0.999988 -0.006908 0.999988 -0.006908 
144.905961 0.999988 -0.006901 0.999988 -0.006901 
145.063041 0.999988 -0.006894 0.999988 -0.006894 
145.220120 0.999988 -0.006886 0.999988 -0.006886 
145.377200 0.999988 -0.006879 0.999988 -0.006879 
145.534280 0.999988 -0.006871 0.999988 -0.006871 
145.691359 0.999988 -0.006864 0.999988 -0.006864 
145.848439 0.999988 -0.006856 0.999988 -0.006856 
146.005519 0.999988 -0.006849 0.999988 -0.006849 
146.162598 0.999988 -0.006842 0.999988 -0.006842 
146.319678 0.999988 -0.006834 0.999988 -0.006834 
146.476757 0.999988 -0.006827 0.999988 -0.006827 
146.633837 0.999988 -0.006820 0.999988 -0.006820 
146.790917 0.999988 -0.006812 0.999988 -0.006812 
146.947996 0.999988 -0.006805 0.999988 -0.006805 
147.105076 0.999988 -0.006798 0.999988 -0.006798 
147.262156 0.999988 -0.006791 0.999988 -0.006791 
147.419235 0.999988 -0.006783 0.999988 -0.006783 
147.576315 0.999988 -0.006776 0.999988 -0.006776 
147.733395 0.999988 -0.006769 0.999988 -0.006769 
147.890474 0.999988 -0.006762 0.999988 -0.006762 
148.047554 0.999988 -0.006755 0.999988 -0.006755 
148.204633 0.999988 -0.006747 0.999988 -0.006747 
148.361713 0.999988 -0.006740 0.999988 -0.006740 
148.518793 0.999988 -0.006733 0.999988 -0.006733 
148.675872 0.999988 -0.006726 0.999988 -0.006726 
148.832952 0.999988 -0.006719 0.999988 -0.006719 
148.990032 0.999988 -0.006712 0.999988 -0.006712 
149.147111 0.999988 -0.006705 0.999988 -0.006705 
149.304191 0.999988 -0.006698 0.999988 -0.006698 
149.461270 0.999988 -0.006691 0.999988 -0.006691 
149.618350 0.999988 -0.006684 0.999988 -0.006684 
149.775430 0.999989 -0.006677 0.999989 -0.006677 
149.932509 0.999989 -0.006670 0.999989 -0.006670 
150.089589 0.999989 -0.006663 0.999989 -0.006663 
150.246669 0.999989 -0.006656 0.999989 -0.006656 
150.403748 0.999989 -0.006649 0.999989 -0.006649 
150.560828 0.999989 -0.006642 0.999989 -0.006642 
150.717908 0.999989 -0.006635 0.999989 -0.006635 
150.874987 0.999989 -0.006628 0.999989 -0.006628 
151.032067 0.999989 -0.006621 0.999989 -0.006621 
151.189146 0.999989 -0.006614 0.999989 -0.006614 
151.346226 0.999989 -0.006607 0.999989 -0.006607 
151.503306 0.999989 -0.006600 0.999989 -0.006600 
151.660385 0.999989 -0.006594 0.999989 -0.006594 
151.817465 0.999989 -0.006587 0.999989 -0.006587 
151.974545 0.999989 -0.006580 0.999989 -0.006580 
152.131624 0.999989 -0.006573 0.999989 -0.006573 
152.288704 0.999989 -0.006566 0.999989 -0.006566 
152.445784 0.999989 -0.006560 0.999989 -0.006560 
152.602863 0.999989 -0.006553 0.999989 -0.006553 
152.759943 0.999989 -0.006546 0.999989 -0.006546 
152.917022 0.999989 -0.006539 0.999989 -0.006539 
153.074102 0.999989 -0.006533 0.999989 -0.006533 
153.231182 0.999989 -0.006526 0.999989 -0.006526 
153.388261 0.999989 -0.006519 0.999989 -0.006519 
153.545341 0.999989 -0.006513 0.999989 -0.006513 
153.702421 0.999989 -0.006506 0.999989 -0.006506 
153.859500 0.999989 -0.006499 0.999989 -0.006499 
154.016580 0.999989 -0.006493 0.999989 -0.006493 
154.173659 0.999989 -0.006486 0.999989 -0.006486 
154.330739 0.999989 -0.006480 0.999989 -0.006480 
154.487819 0.999989 -0.006473 0.999989 -0.006473 
154.644898 0.999989 -0.006466 0.999989 -0.006466 
154.801978 0.999989 -0.006460 0.999989 -0.006460 
154.959058 0.999989 -0.006453 0.999989 -0.006453 
155.116137 0.999989 -0.006447 0.999989 -0.006447 
155.273217 0.999989 -0.006440 0.999989 -0.006440 
155.430297 0.999989 -0.006434 0.999989 -0.006434 
155.587376 0.999989 -0.006427 0.999989 -0.006427 
155.744456 0.999989 -0.006421 0.999989 -0.006421 
155.901535 0.999989 -0.006414 0.999989 -0.006414 
156.058615 0.999989 -0.006408 0.999989 -0.006408 
156.215695 0.999989 -0.006401 0.999989 -0.006401 
156.372774 0.999989 -0.006395 0.999989 -0.006395 
156.529854 0.999989 -0.006389 0.999989 -0.006389 
156.686934 0.999990 -0.006382 0.999990 -0.006382 
156.844013 0.999990 -0.006376 0.999990 -0.006376 
157.001093 0.999990 -0.006369 0.999990 -0.006369 
